584                     N5
2087 2.67486 7.01678
2026 -9.59328 6.80089
2122 -8.5275 6.33592
2123 4.82854 6.11301
2005 -2.13974 5.80572
2064 8.15985 5.14805
2110 2.02629 5.04441
2090 -9.85735 4.13924
2095 -6.25685 3.75575
2108 4.5105 2.52656
2103 7.82194 2.25689
2116 0.139926 2.02931
2102 -2.8889 1.85791
2079 9.38068 0.234915
2085 -9.32453 -0.691444
2082 0.549032 -0.977107
2029 -3.62582 -1.10295
2010 4.83307 -1.85039
2120 0.0335035 -3.91024
2080 -8.04558 -4.12446
S2077 8.60557 -5.54218
2104 -10.7895 -6.39388
2001 3.40553 -6.79794
2088 -0.190802 -6.92761
-99
552
2020 3.11165 7.47378
2088 -1.89209 6.18358
2080 7.0295 5.52691
2001 -5.64632 5.39316
2120 -1.56898 3.17272
2085 9.5507 2.26357
2029 3.05927 0.966863
2010 -6.57708 -0.0294312
2082 -1.56001 -0.0723084
2031 11.4365 -0.133472
2102 3.03376 -2.55401
2116 -0.442467 -3.47635
2095 7.67992 -3.59803
2103 -10.0629 -5.18001
2108 -5.57972 -5.15835
-99
579
2082 0.832205 6.67444
2079 10.5407 6.20268
S2051 -10.6901 4.51218
2120 -0.894258 4.20859
2010 4.74892 4.10298
2033 -10.5438 3.5904
2020 -7.22734 3.14879
2088 -2.40425 1.49651
2077 7.07155 0.843562
2059 -6.08466 0.470698
2001 1.20454 0.00850889
2069 -2.42936 -2.12637
2093 -5.62189 -2.67663
2067 0.722455 -4.32284
-99
560
2117 7.02881 5.23045
2122 -7.02958 4.63318
2023 5.98609 3.89961
2112 -11.3133 3.78434
2031 -0.0566873 3.52424
2090 -3.23356 2.15201
2125 10.4166 1.56033
2026 -6.21649 1.14862
2027 4.31221 0.313046
2089 -10.6392 -0.0920144
2024 -0.513719 -1.63339
2100 2.0776 -1.95653
2008 -4.04907 -4.01825
2002 -11.2187 -4.2094
2014 0.350565 -6.27597
-99
591
2016 5.75021 6.84832
2112 7.07974 6.67055
2029 -3.30683 3.80438
2119 8.20742 3.75788
2102 0.00996397 3.59715
2005 4.494 3.55385
2116 0.817059 0.39233
2082 -2.46528 -0.623826
2120 -5.78894 -0.598969
2088 -9.13244 -0.904177
2110 4.68515 -1.16128
2087 7.1395 -1.52888
2123 6.69366 -4.26127
2108 2.37377 -4.56941
2021 9.82118 -4.8849
2001 -8.59404 -5.00675
2010 -2.68886 -5.78544
-99
571
2102 3.7677 7.57431
2029 1.02922 7.53316
2038 -11.276 5.65704
2059 -6.34871 5.52656
2050 -6.00666 5.43547
2116 4.70686 5.07066
2082 2.11202 4.09595
2110 8.04958 4.05099
2087 10.2051 3.90107
2120 -0.606195 3.92684
2093 -8.18623 3.671
2088 -3.29037 3.49436
2069 -6.34701 1.9293
2054 -5.97862 1.86016
2123 10.0242 1.67096
2108 6.41139 1.21845
2001 -2.49431 0.307097
2064 10.4055 -0.224165
2103 7.42464 -0.477673
2057 -5.95335 -1.16943
2067 -6.31948 -1.19514
2079 5.92423 -2.45049
2077 0.197926 -2.82001
2114 -8.64012 -3.30114
2074 4.03264 -5.63146
2086 -9.57349 -6.5002
-99
570
S2095 10.603 6.34981
2069 -6.11419 6.2059
2054 -5.79643 5.88034
2029 4.43269 5.48042
2088 -2.09153 5.24581
2067 -8.33224 3.68634
2120 0.362056 3.70025
2102 6.73733 3.51983
2057 -7.95133 3.44183
2001 -3.78747 2.13356
2082 2.6937 1.87869
2005 10.1311 0.973596
2116 5.58552 0.77837
2010 -0.174899 -1.6056
2077 -4.63638 -2.25262
2110 7.58268 -2.53759
2108 4.03332 -3.60805
2087 9.26429 -4.27297
2103 2.97546 -5.77693
2123 7.37125 -5.94138
2079 0.221501 -6.22171
2074 -3.68316 -7.30588
-99
582
2100 -8.17419 7.63715
2108 7.79595 7.5545
2116 4.09767 7.18379
2102 1.62586 7.09049
2031 -4.44494 6.74329
2085 -2.91293 6.1024
2027 -7.97162 5.63536
2082 4.42738 4.84753
2029 1.01401 4.84282
2080 -1.99131 3.55397
2023 -6.82691 3.28909
2120 3.99422 2.55817
2117 -6.57907 2.15536
2104 -4.03053 1.98139
2125 -10.0177 1.78896
2088 3.79735 0.152172
2001 6.82805 0.0958891
2020 -0.336028 -0.0135793
2018 -5.90065 -0.344661
2033 -1.73088 -0.629379
2007 -9.87071 -0.704926
2059 2.50497 -1.59049
2105 -3.45476 -1.70293
2127 -8.745 -2.23072
2069 5.87758 -2.37023
2067 8.69291 -3.01136
2093 3.83263 -3.66098
2036 -10.9622 -3.82689
2060 -2.02121 -5.31847
2114 10.5578 -5.37693
2099 3.09591 -6.57843
-99
561
2059 4.52826 7.38184
2050 4.2549 7.08779
2010 -5.0618 7.00409
2088 1.35608 6.29903
2120 -0.876144 4.79552
2066 5.82434 4.34447
2108 -8.20566 4.31554
2082 -3.29195 3.49492
2033 6.93784 3.27692
2020 4.52478 3.08737
2105 9.17321 2.62691
S2123 -11.3383 2.42973
2116 -5.3078 1.41873
2110 -8.76618 0.968717
2029 -0.774497 0.547457
2080 3.56093 -0.211853
2102 -3.40923 -0.732394
2104 6.57511 -0.775215
S2018 9.13802 -1.44692
2005 -6.92197 -2.70252
2085 1.91573 -3.28096
2095 -3.23676 -3.82997
2117 7.60944 -4.15949
2119 -9.87279 -4.62485
2016 -7.44327 -5.05104
2023 6.81691 -5.40446
2031 1.67939 -6.20971
2112 -7.83376 -6.72812
S2125 11.0182 -7.27807
2122 -3.84643 -7.3387
-99
577
2033 -5.52479 5.96467
2005 10.6165 3.91426
2020 -3.51921 3.74443
2029 3.02209 3.69315
2102 6.20781 3.6663
2116 7.29056 0.602706
2038 -11.4185 0.544719
2059 -5.5486 0.578316
2050 -5.14954 0.567957
2082 4.26867 -0.547571
2110 11.2387 -0.701363
2120 1.08258 -0.69719
2088 -2.07672 -1.16702
2093 -7.77626 -1.71608
2069 -5.56472 -3.97078
2108 9.27429 -4.11674
2001 -1.16337 -5.05481
2010 4.52347 -5.51695
-99
590
2108 -2.35924 7.38084
2110 -5.83267 6.92542
2077 5.76016 6.48643
2005 -9.05311 4.12316
2116 -4.64446 3.70938
2082 -2.04287 2.28992
2102 -6.39424 1.20528
2001 4.29228 1.1398
2120 -0.0333231 0.155755
2095 -10.556 0.0941748
2067 8.93064 0.0785049
2029 -4.51829 -1.13887
2088 2.24301 -1.81305
2069 6.53221 -2.25707
2085 -8.96249 -5.13311
2059 3.47676 -5.19847
2093 6.49899 -5.33028
S2031 -10.9573 -5.51393
2080 -5.34508 -6.12519
-99
583
2119 0.012375 7.04204
2112 -2.51484 6.73237
2008 -10.1803 5.51243
2087 3.9969 5.34038
2026 -6.69191 4.96078
2122 -5.64969 4.58152
2123 5.98938 4.56907
2005 -0.318986 4.23316
2064 9.17343 3.72281
2110 3.44613 3.59169
2090 -7.0682 2.71128
2024 -10.4918 2.59811
2095 -3.76541 2.41219
2108 5.79035 1.33678
2103 8.97647 1.12673
2116 1.77033 0.875277
2102 -0.980457 0.720503
2079 10.5678 -0.729034
2085 -6.49274 -1.48906
2082 2.17678 -1.88067
2029 -1.65656 -1.9686
2010 6.21484 -2.73035
2023 -10.558 -3.95806
2080 -5.44849 -4.59806
2120 1.72414 -4.62346
2117 -10.3204 -5.35527
2077 10.1354 -6.23896
2104 -7.83207 -6.58364
2001 4.98323 -7.49119
2088 1.53679 -7.52135
-99
580
2085 -2.9994 7.04673
2102 1.89948 6.72984
2116 4.3014 6.13948
2108 7.98989 5.4523
2103 10.996 5.42543
2023 -7.14505 5.41329
2125 -10.5278 4.89377
2029 0.624284 4.74785
2080 -2.90463 4.38276
2117 -7.24774 4.28106
2082 3.89819 3.80581
2104 -5.25128 3.46192
2007 -11.0913 2.52669
2010 7.14917 2.00112
2018 -7.34296 1.75911
2120 2.77168 1.7362
2127 -10.4854 0.79855
2020 -2.11636 0.520638
2033 -3.90252 0.383816
2105 -5.79856 -0.133174
2088 1.84065 -0.496863
2077 9.60881 -0.71874
2001 4.74369 -1.43185
2059 -0.241029 -1.72158
2069 2.72927 -3.44119
2060 -5.69913 -3.85872
2093 0.388377 -4.05459
2067 5.22184 -4.86775
2062 -10.0792 -4.91015
2099 -1.35622 -6.52256
-99
563
2001 3.16584 7.18707
2010 -1.38392 6.79225
2093 9.44145 6.53991
2108 -5.0654 5.12051
2059 8.07004 4.42444
2088 4.53504 4.37594
2050 7.69738 4.23551
2123 -8.44365 4.17771
2120 1.98497 3.56761
2082 -0.675579 3.00343
2110 -6.53241 2.13744
2087 -8.59319 1.98885
2116 -3.16679 1.59762
2066 8.48863 1.15625
2020 6.72931 0.406686
2033 9.33385 -0.21655
2029 0.914478 -0.525109
2102 -1.96341 -0.992787
2105 11.4465 -1.51397
2005 -5.85082 -1.85965
2080 5.05961 -2.62405
2119 -9.12059 -2.82737
2104 7.86952 -4.06627
2016 -6.816 -4.07045
2095 -2.48596 -4.13877
2085 2.6181 -5.11937
2018 10.1315 -5.41434
2122 -4.06674 -7.34101
-99
551
2085 6.78855 6.4429
2029 -0.355956 5.09264
2082 -5.84144 4.71456
2031 8.94506 2.42263
2102 -1.1013 1.18049
2116 -5.27367 0.744743
2095 3.33607 0.0999943
2090 8.65559 -1.51346
2122 7.12975 -3.71178
2110 -7.99225 -3.84994
2005 -1.8475 -4.6723
2026 8.85975 -5.18837
2016 1.12633 -6.44508
-99
569
2020 9.23001 6.6044
2088 4.64734 5.27707
2001 1.20435 4.51031
2077 -2.37172 2.65803
2120 5.12823 2.44987
2029 9.40562 0.494479
2082 5.32774 -0.525727
2010 0.743718 -0.568234
2074 -5.49068 -1.21046
2102 9.53916 -2.68089
2079 -2.2895 -3.51385
2116 6.48938 -3.56217
2108 1.98235 -5.18677
2103 -0.179109 -5.41217
2005 10.0851 -7.32639
2110 5.27216 -7.43194
-99
589
2080 2.22885 6.82098
2008 -10.9233 6.86023
2031 -4.1469 5.76594
2024 -8.26448 4.6946
2033 7.00313 3.98917
2104 2.34387 3.51284
2100 -7.92531 2.57101
2105 6.80205 1.38957
2027 -5.67616 1.34553
2023 -2.29613 0.83218
2117 -0.881141 0.280508
2018 2.30149 -0.811356
2041 8.71625 -2.00034
2125 -3.13887 -3.49065
2127 2.07549 -5.03752
2007 -0.386873 -5.1017
2015 -5.62204 -5.65225
2042 4.89466 -6.0603
-99
588
2064 2.2077 6.9035
2123 -0.581827 5.45534
2103 3.99184 5.0314
2074 9.62152 4.9698
2079 6.27974 4.85305
2087 -2.52773 4.57723
2108 1.70634 3.09929
2110 -1.57786 2.95262
2077 9.94013 0.896753
2112 -8.41714 0.675271
2010 4.99099 0.631369
2005 -4.75664 0.565681
2016 -7.34742 0.122031
2116 -0.652397 -0.222274
2089 -11.3117 -0.649184
2082 1.74251 -1.83699
2102 -2.47083 -2.48121
2001 7.75117 -3.51318
2122 -9.1479 -3.66048
2095 -5.843 -3.69275
2120 3.54368 -4.09461
2026 -10.3629 -4.13681
2029 -0.824667 -4.94729
2088 5.64709 -6.25651
-99
595
2102 1.28724 7.4617
2029 3.45121 6.71864
2095 -0.0892054 6.6848
2122 -2.31029 5.29651
2080 5.5492 4.85243
2033 9.75017 4.75355
2089 -5.65451 4.66149
2085 2.85861 4.23688
2105 10.716 3.09451
2002 -7.60256 2.98768
2104 6.9286 2.84885
2090 -1.39812 2.61465
2031 0.764958 1.86959
2107 -7.48592 0.447419
2008 -4.55665 0.0306195
2018 7.96031 -0.156564
2024 -1.87221 -0.437214
2117 5.30699 -0.627446
2023 4.07134 -0.798279
2027 1.40248 -1.77667
2100 -0.794152 -1.80911
2014 -4.04621 -2.12436
2127 9.70262 -3.22198
2125 5.2688 -4.23372
2007 7.96663 -4.27862
2015 5.92083 -6.0787
-99
586
2110 -1.92588 6.86577
2108 2.33337 6.19348
2112 -11.428 5.80413
2005 -6.63103 4.63978
2116 -1.60709 2.58789
2010 5.85515 2.17876
2102 -4.52247 0.195784
2082 1.01027 -0.0840452
2095 -9.743 -0.294633
2029 -3.08804 -3.32328
2120 2.67917 -3.39471
2001 8.16345 -3.76045
2088 4.72103 -6.60724
-99
566
2016 -3.10689 7.34099
2119 -6.5212 6.13459
2122 0.830815 4.5879
2112 -4.41705 3.74476
2031 6.23668 3.57007
2090 3.26045 2.26502
2026 0.736577 1.31201
2027 10.4895 0.556437
2089 -3.73172 0.111542
2024 5.89979 -1.30014
2100 8.35254 -1.59653
2008 2.60948 -3.57061
2002 -4.1099 -3.73989
2014 9.74706 -5.47648
2107 -1.09899 -6.28132
-99
553
2088 -2.98274 7.56394
2085 7.66406 6.39104
2001 -6.19679 6.16144
2120 -2.10269 4.94081
2031 9.75385 4.41736
S2077 -10.8351 4.04197
2029 2.35953 3.86092
2082 -1.47597 2.11918
2090 10.5741 1.49702
2010 -5.90207 1.20908
2095 6.99136 1.13067
2102 2.95721 0.827759
2122 10.482 -0.45941
2116 0.126241 -0.592178
2079 -9.85867 -1.82151
2108 -4.00714 -2.9824
2103 -7.58108 -3.2312
2005 4.05159 -3.47076
2016 7.21847 -3.69527
2110 -0.470681 -4.53398
2112 8.03571 -5.52259
2064 -6.90146 -6.55076
2087 -0.274592 -7.01271
2123 -2.91198 -7.0101
2119 5.27076 -7.23008
-99
576
2027 -0.98207 7.58083
2007 -7.68695 7.17984
S2002 10.3857 7.02059
2023 -3.05669 5.67943
2127 -8.85754 5.65078
2117 -4.13614 5.05631
2026 5.95701 4.99071
2090 3.66376 4.69552
2031 1.18136 4.54688
2089 9.23523 4.43178
2122 5.94208 3.68083
2018 -6.40694 3.58544
2085 0.0760765 2.6409
2104 -4.52096 2.37978
2112 8.99234 1.62541
2041 -11.0848 1.39941
2095 4.36493 1.24984
2080 -2.37836 0.857956
2016 8.1847 0.698469
2105 -7.97801 0.66481
2033 -6.52902 -0.695789
2119 10.1428 -0.804999
2005 7.04842 -1.27823
2102 3.40744 -1.58506
2029 0.727876 -1.64663
2020 -4.70694 -1.7331
2116 4.29251 -4.19991
2059 -6.42677 -5.20751
2110 7.52218 -5.22197
2082 1.76722 -5.24753
2087 9.60832 -5.3904
2120 -0.857311 -5.43218
2038 -11.1544 -5.59682
2088 -3.43687 -5.88285
-99
568
2077 3.53859 7.21723
2001 7.13855 4.14896
2079 -2.07119 3.80827
2010 2.09953 1.81275
2088 10.0336 1.34495
2103 -2.66946 0.907492
2120 7.50292 -0.680477
2064 -5.70937 -1.09027
2108 -1.45411 -1.77934
2082 4.74715 -2.47628
2123 -5.04777 -4.36527
2116 2.52617 -5.20862
2029 8.19361 -5.95946
2110 -1.73463 -6.01523
2087 -4.14273 -7.09185
-99
573
2051 -10.8995 7.31572
2005 5.61018 6.6354
2102 1.29361 5.73941
2029 -1.91999 5.25442
2066 -10.8635 4.61138
2020 -8.47862 4.26126
2116 2.76773 2.86772
2087 9.2506 2.33331
2110 6.79053 2.18061
2082 -0.130899 1.244
2050 -10.3766 0.980614
2059 -10.907 0.944372
2120 -3.30119 0.583766
2088 -6.38141 -0.386569
2123 9.38881 -0.353056
2108 5.3098 -1.49388
2054 -9.76544 -3.4796
2069 -10.3257 -3.5889
2064 10.1664 -3.63153
2010 0.783877 -3.64999
2001 -4.9444 -4.08828
2103 6.63328 -4.46403
2079 5.12488 -7.1812
2057 -9.30052 -7.28278
-99
592
2027 4.05787 7.4948
2024 8.97293 6.10761
2023 0.517785 5.84026
2117 -1.16452 5.47033
2018 -4.75937 4.47981
2031 5.63936 2.45763
2104 -2.73163 1.63878
2090 9.01194 1.57751
2105 -8.26131 0.821961
2085 3.81808 -0.147746
2080 -0.418416 -1.53885
2033 -6.87596 -1.77651
2066 -6.93194 -3.75836
2095 9.26123 -4.16647
S2029 2.39572 -5.66707
S2102 5.96599 -6.77629
-99
596
2079 0.353346 6.63355
2064 -3.17201 6.27469
2077 4.19531 5.58079
2021 -6.17998 5.00551
2114 10.3861 3.88811
2108 -1.78997 3.57962
2010 1.45449 3.41592
2067 8.28027 2.82336
2110 -3.92165 1.98169
2001 4.89972 1.96328
2069 7.71807 0.597901
2082 0.473105 0.373852
2116 -1.80338 0.317632
2120 2.58669 -0.241793
2088 4.75313 -0.64276
2005 -4.92194 -1.09628
2093 8.78797 -1.23474
2102 -1.94589 -1.97604
2059 6.98898 -2.21168
2016 -6.30684 -2.47448
2029 0.228034 -2.7561
2112 -7.52321 -2.80748
2038 10.9182 -3.39142
2095 -3.50862 -4.12099
2089 -8.87581 -5.1036
2122 -5.66947 -5.65579
2080 2.10906 -5.95632
2033 6.032 -5.96254
2085 -0.478669 -6.69998
2026 -6.37384 -6.74468
2002 -10.9732 -7.08561
2090 -4.37769 -7.24824
-99
562
S2103 -7.65838 6.18506
2064 -10.4549 5.72523
2069 5.74943 4.75053
2001 1.88275 4.69051
2054 5.39871 4.58664
2010 -2.81693 4.55517
2093 7.96284 3.1806
2108 -6.67561 3.0365
2123 -10.1667 2.28564
2088 3.08015 1.64102
2059 6.43904 1.06324
2050 6.08315 0.945194
2120 0.382699 0.949498
2082 -2.38874 0.526497
2110 -8.37608 0.0324678
2087 -10.4867 0.017821
2116 -5.01923 -0.769679
2066 6.66927 -2.36098
2020 5.04036 -2.68064
2029 -1.02905 -3.26498
2102 -3.98871 -3.54285
2033 7.38277 -3.94644
2005 -7.98277 -4.16157
2119 -11.4585 -4.97774
2105 9.45302 -5.47876
2080 2.74194 -6.2007
2095 -5.12641 -7.24054
-99
599
2090 3.03528 7.1813
2100 -3.20379 6.77459
2095 9.11448 6.17163
2031 1.6187 4.3593
2027 -3.55007 3.95915
2102 10.3635 2.79121
2085 4.49765 2.06628
2023 -2.70225 0.246684
2029 8.78468 -0.308535
2125 -7.42397 -0.758286
2117 -2.69183 -1.47843
2080 5.10233 -2.23068
2104 1.566 -3.87079
2007 -7.97631 -4.31681
2018 -2.49084 -5.30244
2127 -6.93781 -6.89825
-99
572
2059 -9.11374 7.0179
2082 0.73658 6.78108
2120 -2.19249 6.0748
2123 9.66646 5.65229
2088 -5.04306 5.08049
2093 -10.7741 4.54166
2108 5.88082 4.46315
2064 10.5129 3.92838
2103 7.34207 3.0661
2069 -8.22934 2.93455
2054 -7.77869 2.90611
2010 1.79164 2.3911
2001 -3.51657 1.76949
2079 6.06817 0.644297
2057 -7.07597 -0.399889
2067 -7.49593 -0.487787
2077 -0.0461025 -0.880729
2074 4.6034 -3.11095
2114 -9.65175 -3.21633
2086 -9.95275 -6.81198
-99
581
2102 3.82133 7.54343
2116 6.03417 7.04487
2108 9.43207 6.50858
2023 -4.51422 6.20911
2029 2.73395 5.71233
2125 -7.64503 5.64862
2080 -0.124987 5.43865
2117 -4.55454 5.16493
2082 5.74467 4.91104
2104 -2.24913 4.57014
2120 4.8062 3.02124
2018 -4.52842 2.84356
2127 -7.42545 1.87793
2033 -0.859291 1.81809
2020 0.411358 1.82855
2036 -9.3434 1.32668
2105 -2.58862 1.30439
2077 11.3816 1.18303
2088 4.05775 0.995103
2001 6.69345 0.21919
2059 2.56195 0.0196287
2069 5.27832 -1.42878
2060 -2.12239 -1.95073
2093 3.22027 -2.03662
2067 7.53238 -2.62275
2062 -6.06833 -3.00516
2099 1.94071 -4.16851
2114 8.49617 -4.90132
2061 5.84153 -6.2759
2071 0.377981 -6.61365
2086 10.4843 -6.74164
-99
598
2008 -1.96775 7.32194
2112 4.36474 6.91788
2119 6.45302 6.70456
2026 0.951844 6.2778
2016 5.21882 6.09865
2122 2.31762 5.79427
2024 -2.59735 5.07688
2090 0.180732 4.5566
2005 5.81108 4.50358
2100 -3.90978 4.22042
2095 3.55877 3.7749
2123 11.0172 3.65753
2031 -0.679557 2.70565
2102 4.82742 1.85926
2116 7.02365 1.48211
2085 0.953217 1.28269
2108 10.3291 1.11831
2023 -3.41921 -0.0621738
2015 -8.92986 -0.104579
2029 3.94487 -0.111896
2082 6.97707 -0.733443
2125 -6.59333 -0.858778
2117 -3.37252 -1.18459
2080 1.39069 -1.25758
2010 10.0855 -2.13426
2104 -0.684962 -2.33791
2120 6.24729 -2.77253
2007 -6.88663 -3.24515
2018 -3.15147 -3.6707
2020 1.98708 -4.38945
2127 -6.10402 -4.90886
2088 5.7106 -4.97074
2033 0.979443 -5.17989
2001 8.43492 -5.57713
2105 -0.741396 -5.8656
2036 -7.71913 -6.71378
2059 4.60203 -6.81698
-99
585
2087 0.346114 7.42382
2119 -4.06734 6.76135
2103 6.98352 6.54377
2079 9.20175 5.83229
2110 0.877345 5.62657
2112 -6.11515 5.09399
2108 4.05517 4.96833
2089 -9.03475 4.5298
2005 -2.68785 4.13031
2116 1.01199 2.41466
2010 6.57621 1.82969
2122 -7.41239 1.48033
2026 -8.74627 1.16737
2102 -1.21315 0.761715
2095 -4.40588 0.682177
2082 2.8826 0.342168
2090 -7.73631 -1.02917
2029 -0.241922 -1.87525
2120 4.01628 -2.15831
2001 8.10098 -2.66533
2024 -10.8124 -3.16686
2031 -6.81712 -3.58156
2085 -4.46622 -4.22476
2088 5.42792 -4.59616
2100 -11.2952 -5.28121
2080 -1.73047 -6.19305
2069 9.63058 -6.73309
2027 -9.65141 -7.20422
2020 1.81909 -7.51629
-99
597
2002 -5.38909 7.20179
2107 -7.86352 6.93235
2089 -3.82526 5.58026
2112 -1.77479 4.44091
2119 0.394264 4.40376
2008 -8.42537 4.29287
2016 -1.5378 3.33532
2021 5.93337 3.26363
2122 -4.5865 2.72629
2087 3.53962 2.47137
2005 -0.2021 2.02769
2024 -9.04916 1.82971
2123 5.10368 1.58531
2090 -6.11003 1.52785
2076 11.1993 1.23645
2110 2.88055 1.04383
2100 -10.4591 0.786615
2095 -3.24996 0.673295
2064 7.39085 0.268975
2031 -6.98121 -0.547605
2102 -1.15631 -0.899231
2116 1.16956 -1.07868
2108 4.57435 -1.13301
2027 -10.6187 -1.26322
2103 6.95501 -1.83506
2085 -5.94883 -2.28869
2029 -2.02698 -3.11311
2082 1.20156 -3.4611
2079 7.99614 -3.51489
2023 -9.86026 -3.82677
2010 4.46736 -4.61407
2080 -5.41941 -5.00685
2117 -9.81222 -5.06383
2120 0.514378 -5.73624
2074 9.86353 -5.88566
2104 -7.63248 -6.42881
-99
575
2014 0.666954 4.46803
2046 -2.99102 3.55903
2015 -8.33015 3.32752
2107 5.73564 2.81421
2008 2.9447 1.92006
2125 -6.87429 1.3581
2024 0.393335 1.18951
2027 -2.9296 0.958324
2002 7.33094 0.720004
2007 -9.02008 0.374727
2023 -4.82362 -0.913542
2127 -10.1465 -1.10997
2026 3.43301 -1.43649
2117 -5.81883 -1.54621
2090 1.39368 -1.64903
2089 6.52687 -1.69703
2031 -0.914792 -1.8868
2018 -7.9307 -3.02628
2122 3.23103 -3.21317
2085 -2.16376 -4.42677
2112 6.46448 -4.42312
2104 -6.39597 -4.79359
2095 1.83042 -5.65184
2016 5.41703 -6.05251
2080 -4.41717 -6.23251
2105 -9.7135 -6.62093
2119 7.69184 -6.82111
2005 4.77347 -7.40895
-99
564
2110 -4.40741 7.48539
2087 -6.36092 7.29944
2116 -1.21078 7.08643
2020 8.08608 6.26655
2029 2.66279 5.29574
2102 -0.00780173 4.8123
2080 6.81469 4.38706
2005 -3.65299 3.92191
2104 9.4716 3.1858
2095 -0.0990388 2.9179
2119 -6.71668 2.93536
2016 -4.15292 2.84154
2085 4.65436 2.1559
2018 11.4089 1.16044
2112 -5.43611 0.627688
2122 -1.48913 0.0116551
2117 9.28885 -0.883105
2031 3.32703 -1.22619
2023 8.25119 -1.80506
2090 0.614845 -1.85178
2026 -1.75549 -2.33987
2089 -5.50308 -2.50629
2027 6.40717 -4.47691
2024 2.25309 -5.30526
2002 -6.49323 -5.68206
2100 4.28558 -5.97069
2008 -0.899711 -6.68175
-99
578
2020 -4.49718 5.94015
2082 4.98668 5.32229
2108 11.3605 4.22097
2120 2.03974 3.79971
2059 -4.84587 2.76604
2088 -0.791543 1.95224
2010 7.49912 0.802849
2093 -6.00809 -0.503384
2001 1.90224 -1.33205
2069 -2.69142 -1.6373
2099 -10.704 -1.83569
2077 8.28644 -3.84338
2067 -0.790529 -5.43171
-99
559
S2102 -11.1484 7.48669
2007 6.59562 7.44378
2117 1.28013 6.82116
S2015 8.47188 5.73264
2023 0.777746 5.40709
2031 -4.42759 3.28278
2027 0.36807 1.83159
2090 -6.86897 1.12134
S2026 -9.43375 -0.638416
2100 -0.935096 -0.856668
2024 -3.35126 -1.38234
S2014 -2.71818 -4.57457
2008 -5.8593 -4.67215
-99
556
2090 5.24938 6.50979
2095 0.706206 6.08686
S2008 10.983 5.73963
2082 -7.22042 5.17629
2122 4.49784 5.00971
2102 -2.4908 4.59743
2026 6.51408 4.22817
2116 -5.18876 2.68096
2016 1.57393 1.17813
2005 -0.758552 0.404338
2089 7.25044 -0.380692
2108 -9.02034 -0.431348
2002 11.0954 -0.840544
2112 3.59218 -1.02112
2110 -5.20867 -1.40542
2119 1.02146 -3.19022
2087 -4.63277 -3.86205
2123 -7.29349 -4.28835
2021 -6.74232 -7.40852
-99
574
2023 -9.83792 6.14419
2026 1.23934 5.72101
2117 -11.2967 5.33751
2090 -1.34595 5.23451
2089 5.10432 5.16871
2031 -4.3726 4.91855
2122 0.910038 4.21232
2085 -6.41194 2.51701
2112 5.03409 1.92986
2095 -0.911026 1.10301
2016 3.77308 0.722438
2080 -9.56655 0.0391714
2119 6.45042 -0.811179
2005 3.00496 -1.64675
2102 -1.3272 -2.36545
2029 -4.62653 -2.70093
2116 -0.092251 -5.45873
2087 6.11799 -6.20985
2110 3.78021 -6.29066
2082 -3.11752 -7.04517
-99
600
2095 -1.71299 6.07128
2090 -8.78702 5.38401
2116 8.49604 3.10845
2102 3.32037 2.44948
2082 9.92274 -2.08635
2029 2.59136 -2.82395
S2085 -7.0506 -3.11812
-99
557
2007 1.70343 7.38487
2105 -6.49361 5.79291
2125 3.58028 5.37458
2018 -1.99499 4.99865
2033 -7.72552 3.91155
2117 0.295643 3.11581
2066 -8.9734 3.08545
2104 -3.89537 2.77324
2023 1.37172 2.13878
2020 -7.48408 1.59902
2027 4.42607 0.37949
2080 -5.20408 -0.107271
2100 6.3451 -1.76953
2085 -2.46341 -2.47721
2031 1.3077 -3.22385
2120 -11.02 -3.72546
2024 6.00257 -4.10143
2029 -6.37575 -4.50716
2090 2.36669 -6.39754
2082 -10.5067 -6.88508
-99
558
2080 -10.6945 5.47304
2117 -1.9333 5.13706
2023 -1.50452 3.49809
2085 -9.55019 1.43432
2027 0.403901 -0.153581
2031 -5.10284 -1.79858
2100 0.904406 -3.52645
2090 -6.08366 -5.48767
2024 -1.03447 -5.58676
-99
554
2120 -1.67737 6.57655
2077 -9.93426 6.48103
2031 9.55524 5.84897
2029 2.54695 5.48484
2082 -1.13262 3.96652
2095 6.96989 3.30985
2010 -5.42339 3.20084
2090 10.3443 3.12854
2102 3.09189 2.66582
2122 10.2791 1.77007
2116 0.358287 1.39408
2079 -9.2061 0.992575
2103 -7.05219 -0.376381
2108 -3.70762 -0.818488
2016 7.20427 -1.20341
2005 4.12376 -1.43325
2110 -0.283179 -2.37937
2112 7.95876 -3.47867
2064 -6.49582 -3.57327
2087 -0.134285 -4.80775
2123 -2.73627 -4.77009
2119 5.28627 -5.10171
-99
567
2103 -3.9695 6.77429
2010 0.660603 6.16672
2088 7.85449 5.31099
2064 -6.83265 5.21983
2120 5.44908 3.66316
2108 -2.81829 3.2123
2082 2.81829 2.23964
2123 -6.30481 1.07731
2021 -9.16049 0.169159
2116 0.603165 -0.0925671
2110 -3.38651 -0.588658
2029 5.76522 -1.09116
2087 -5.68349 -1.44083
2102 2.84942 -2.5435
2005 -1.15083 -4.81995
2085 10.4118 -5.79635
2095 4.42202 -6.43264
2119 -4.51759 -7.0253
-99
