 
*<____Point_ID__><____Photo_ID__><____adjusted_x'_y'____><___residuals_x'_y'__><_Comments_>
 
             2041             576    -11.0866      1.3967       -4.0       -2.5
             2041             589      8.7293     -2.0030       -3.3        1.1
 
             2127             575    -10.1712     -1.1097       -4.0        2.6
             2127             576     -8.8756      5.6567       -6.2       -1.6
             2127             580    -10.4977      0.7976        1.5       -2.0
             2127             581     -7.4285      1.8781       -1.7       -0.2
             2127             582     -8.7566     -2.2308        5.6        4.3
             2127             589      2.0699     -5.0160        2.8        1.1
             2127             595      9.7250     -3.2281        3.0        0.3
             2127             598     -6.1112     -4.9102       -4.4        0.9
             2127             599     -6.9544     -6.9068        0.2        8.2
 
             2015             559      8.4827      5.7744       -6.0       30.4  skipped
             2015             575     -8.3434      3.3252        2.7       -8.7
             2015             589     -5.6333     -5.6596       -7.5       -3.5  **
             2015             595      5.9292     -6.0878        0.4       -0.9
             2015             598     -8.9440     -0.1103        2.6       -5.5
 
             2008             556     10.9189      5.6828      -23.3      -35.5  skipped
             2008             559     -5.8570     -4.6731        1.8       -1.4
             2008             560     -4.0378     -3.9999       -3.1        4.1
             2008             564     -0.9022     -6.6724       -3.8       -0.3
             2008             566      2.5909     -3.5464       -2.4        2.2
             2008             575      2.9233      1.9034        1.6       -1.6
             2008             583    -10.1757      5.5037       -7.8       -2.0
             2008             589    -10.8685      6.8128       -5.3       -9.7  **
             2008             595     -4.5299      0.0381       -0.1        7.7
             2008             597     -8.4410      4.3011        3.2       -1.4
             2008             598     -1.9697      7.3195       -1.9       -2.8
 
             2033             557     -7.7437      3.9163       -6.2       -1.3
             2033             561      6.9440      3.2750        4.7       -2.6
             2033             562      7.3933     -3.9510        1.6        0.2
             2033             563      9.3552     -0.2193        1.1       -2.3
             2033             576     -6.5144     -0.6945        2.9        0.1
             2033             577     -5.5260      5.9641        3.7       -5.8
             2033             579    -10.5472      3.5855       -4.5       -4.5
             2033             580     -3.8759      0.3848       -1.6        3.8
             2033             581     -0.8512      1.8043        0.4        2.3
             2033             582     -1.7158     -0.6192        0.5        4.9
             2033             589      7.0106      3.9892        1.9       -3.1
             2033             592     -6.8737     -1.7772       -3.3       -2.1
             2033             595      9.7509      4.7494       -5.0       -6.9
             2033             596      6.0430     -5.9691        2.9        1.5
             2033             598      0.9789     -5.1519        3.9        4.9
 
             2018             557     -1.9863      4.9767        0.3       -0.9
             2018             561      9.1664     -1.4448        9.1        5.2  skipped
             2018             563     10.1203     -5.4003       -1.1        8.6
             2018             564     11.3968      1.1609       -1.2        1.6
             2018             575     -7.9413     -3.0271        0.1        3.3
             2018             576     -6.4033      3.5838        1.3       -0.4
             2018             580     -7.3387      1.7599        4.3        0.8
             2018             581     -4.5115      2.8320       -2.5        0.7
             2018             582     -5.8825     -0.3407       -0.4        2.9
             2018             589      2.2811     -0.8017       -0.1        2.5
             2018             592     -4.7536      4.4740       -3.0        2.4
             2018             595      7.9742     -0.1578        8.7       -1.2
             2018             598     -3.1397     -3.6492       -5.2        1.7
             2018             599     -2.4854     -5.2807       -2.6        4.5
 
             2027             557      4.4023      0.3769        3.4       -0.2
             2027             558      0.4012     -0.1517       -1.4        1.4
             2027             559      0.3663      1.8167        1.3        0.7
             2027             560      4.2927      0.3144        8.0        3.4
             2027             564      6.4097     -4.4797       -0.2       -0.9
             2027             566     10.4992      0.5546       -4.3       -2.6
             2027             575     -2.9060      0.9472       -1.5       -2.9
             2027             576     -0.9810      7.5738        1.2       -8.2
             2027             582     -7.9917      5.6459       -0.8       -3.1
             2027             585     -9.6369     -7.1833       -8.6        3.6
             2027             589     -5.6583      1.3439       -0.8        2.8
             2027             592      4.0703      7.4984        6.8       -6.9
             2027             595      1.3899     -1.7565       -0.2        4.4
             2027             597    -10.6324     -1.2630       -3.9        1.4
             2027             599     -3.5435      3.9357       -8.8       -6.2
 
             2007             557      1.7011      7.3827       -2.4       -2.5
             2007             559      6.6148      7.4604        2.5       -2.1
             2007             575     -9.0369      0.3768        0.9        1.4
             2007             576     -7.7014      7.1881       -4.4       -1.2
             2007             580    -11.0922      2.5220       -8.9       -2.8
             2007             582     -9.8897     -0.7062        5.6        0.5
             2007             589     -0.3859     -5.0743       -0.9        2.8
             2007             595      7.9884     -4.2842        6.1        2.8
             2007             598     -6.8902     -3.2449       -2.8        0.6
             2007             599     -7.9901     -4.3185        2.1        6.9
 
             2024             557      6.0052     -4.0985        5.5        0.9
             2024             558     -1.0264     -5.5674        4.3       -0.7
             2024             559     -3.3279     -1.3737       -2.2       -1.9
             2024             560     -0.5120     -1.6151       -2.4        5.3
             2024             564      2.2405     -5.2876       -4.9       -0.5
             2024             566      5.8852     -1.2959        2.4        0.5
             2024             575      0.3899      1.1770       -1.2       -5.9
             2024             583    -10.5022      2.5971       -3.4       -2.8
             2024             585    -10.8168     -3.1666       -9.2       -1.1
             2024             589     -8.2820      4.7009        1.2       -4.3
             2024             592      8.9764      6.1041       -1.7       -7.0
             2024             595     -1.8553     -0.4283        0.7        5.1
             2024             597     -9.0641      1.8343        4.1        0.7
             2024             598     -2.5912      5.0567       -3.0       -2.2
 
             2117             557      0.2918      3.0863       -1.4       -3.1
             2117             558     -1.9239      5.1117        1.7       -4.9
             2117             559      1.2755      6.8144       -3.3        0.8
             2117             560      7.0433      5.2315        2.7       -7.7
             2117             561      7.6269     -4.1592        5.5        6.8
             2117             564      9.3082     -0.8819       -0.7        3.2
             2117             574    -11.2556      5.3095       -5.1       -6.2
             2117             575     -5.7997     -1.5414        2.0        0.3
             2117             576     -4.1276      5.0434        0.9       -3.6
             2117             580     -7.2519      4.2852        5.0       -1.2
             2117             581     -4.5504      5.1600       -1.3        1.2
             2117             582     -6.5716      2.1542        0.1        1.3
             2117             583    -10.3123     -5.3421       -5.8        5.9
             2117             589     -0.8721      0.2838        6.2        4.2
             2117             592     -1.1606      5.4489       -0.5       -0.9
             2117             595      5.2899     -0.6230        5.7        1.7
             2117             597     -9.8216     -5.0632       -7.9        1.4
             2117             598     -3.3500     -1.1738       -3.5        1.7
             2117             599     -2.6724     -1.4615       -3.7        4.3
 
             2100             557      6.3366     -1.7698        2.6       -3.4
             2100             558      0.8986     -3.5027        1.1       -3.1
             2100             559     -0.9284     -0.8502        1.4        1.6
             2100             560      2.0574     -1.9351       -2.0        4.3
             2100             564      4.2794     -5.9679       -4.7        0.7
             2100             566      8.3625     -1.5963       -1.5        2.4
             2100             582     -8.1841      7.6365      -11.8        1.2
             2100             585    -11.2537     -5.2557       -3.6        4.4
             2100             589     -7.9341      2.5756        0.4        1.6
             2100             595     -0.7869     -1.7861        0.2        7.0
             2100             597    -10.4736      0.7891       -0.1        1.4
             2100             598     -3.8992      4.2032       -2.9       -2.7
             2100             599     -3.2110      6.7619       -7.5      -12.1  **
 
             2105             557     -6.5075      5.8005       -3.5       -1.7
             2105             561      9.1973      2.6266        3.1       -6.3
             2105             562      9.4560     -5.4761       -1.0        5.0
             2105             563     11.4307     -1.5124       -2.7       -0.1
             2105             575     -9.7094     -6.6104      -12.0       -0.5  **
             2105             576     -7.9820      0.6639        1.8       -1.4
             2105             580     -5.7763     -0.1307        2.8        2.1
             2105             581     -2.5672      1.2968       -1.2        3.8
             2105             582     -3.4322     -1.6864       -2.8        4.0
             2105             589      6.7991      1.3857        4.6       -2.3
             2105             592     -8.2738      0.8184       -3.3       -4.4
             2105             595     10.7096      3.0842       -4.8       -9.8
             2105             598     -0.7386     -5.8430        0.5        4.2
 
             2023             557      1.3599      2.1143        0.2       -5.6
             2023             558     -1.4919      3.4685        1.5       -3.7
             2023             559      0.7728      5.3846       -1.8       -0.7
             2023             560      5.9866      3.8928        4.8       -4.0
             2023             561      6.8327     -5.4043        4.8        8.8
             2023             564      8.2645     -1.8062        2.6        1.2
             2023             574     -9.8298      6.1310       -4.4       -5.3
             2023             575     -4.7977     -0.9075        0.5        1.2
             2023             576     -3.0501      5.6630        0.4       -5.0
             2023             580     -7.1541      5.4207        4.6       -2.9
             2023             581     -4.5181      6.2105       -2.9        0.1
             2023             582     -6.8258      3.2892        1.4        0.0
             2023             583    -10.5587     -3.9510       -5.6        5.2
             2023             589     -2.2771      0.8311       -1.2        6.3
             2023             592      0.5168      5.8196        0.7       -1.8
             2023             595      4.0474     -0.7906        3.7        2.2
             2023             597     -9.8759     -3.8288       -4.0        2.4
             2023             598     -3.3961     -0.0608       -4.1        0.9
             2023             599     -2.6823      0.2477       -3.7        3.1
 
             2125             557      3.5715      5.3569       -1.6       -6.9
             2125             560     10.4280      1.5631       -1.9        0.7
             2125             561     10.9014     -7.1880      -66.4       56.8  skipped
             2125             575     -6.8667      1.3575        0.8        0.8
             2125             580    -10.5214      4.8866       -7.3       -0.8
             2125             581     -7.6641      5.6584       -1.8       -3.0
             2125             582    -10.0387      1.7913        0.2       -1.4
             2125             589     -3.1241     -3.4655       -3.0        5.4
             2125             595      5.2677     -4.2273        6.4        0.4
             2125             598     -6.5875     -0.8587       -4.9       -1.3
             2125             599     -7.4228     -0.7567        0.1        1.4
 
             2104             557     -3.8766      2.7572       -2.6       -0.8
             2104             561      6.5744     -0.7755       10.3       -1.6
             2104             563      7.8904     -4.0732        6.8        0.4
             2104             564      9.4946      3.1920       -1.2       -1.9
             2104             575     -6.3994     -4.7944        1.1        2.5
             2104             576     -4.4997      2.3658       -0.6       -2.4
             2104             580     -5.2391      3.4501       -0.1       -3.7
             2104             581     -2.2387      4.5480       -0.5        0.2
             2104             582     -4.0092      1.9692       -3.0       -0.2
             2104             583     -7.8493     -6.5902       -1.7        6.5
             2104             584    -10.7436     -6.3556       -0.1       11.0  **
             2104             589      2.3295      3.4923        1.1        2.7
             2104             592     -2.7145      1.6227       -5.7       -2.3
             2104             595      6.9300      2.8454        2.1       -3.2
             2104             597     -7.6461     -6.4379        5.7        7.2
             2104             598     -0.6791     -2.3146       -0.1        2.7
             2104             599      1.5582     -3.8495        2.7       -4.7
 
             2080             552      7.0455      5.5352        2.8       -2.1
             2080             557     -5.1813     -0.1054       -1.3        1.4
             2080             558    -10.6742      5.4584       -4.1       -2.2
             2080             561      3.5355     -0.2137        2.1       -3.5
             2080             562      2.7370     -6.1892       -1.2        2.9
             2080             563      5.0444     -2.6184        2.8       -3.7
             2080             564      6.8253      4.3901        4.7       -0.7
             2080             574     -9.5940      0.0422       -5.5        3.0
             2080             575     -4.4165     -6.2292        1.3        4.2
             2080             576     -2.3589      0.8501       -1.5       -0.3
             2080             580     -2.8915      4.3592        0.1       -3.9
             2080             581     -0.1263      5.4152       -1.9       -1.2
             2080             582     -1.9804      3.5253       -3.0       -3.9
             2080             583     -5.4474     -4.5886       -3.0        6.0
             2080             584     -8.0609     -4.1204        0.5       12.2
             2080             585     -1.7322     -6.1815       -5.2       -1.2
             2080             589      2.2309      6.8105        3.5       -6.0
             2080             590     -5.3483     -6.1194        1.6       11.2
             2080             592     -0.4192     -1.5236       -3.9        3.7
             2080             595      5.5473      4.8482       -0.1       -2.7
             2080             596      2.1081     -5.9402        3.8        2.5
             2080             597     -5.4151     -5.0040        2.7        1.4
             2080             598      1.3779     -1.2466       -0.9        0.3
             2080             599      5.0952     -2.2272       12.3       -5.0  **
 
             2031             551      8.9649      2.4255        0.9       -2.2
             2031             552     11.4219     -0.1316       -4.5        1.7
             2031             553      9.7636      4.4150        1.1       -6.3
             2031             554      9.5533      5.8479        0.7        0.5
             2031             557      1.3012     -3.1987        3.8       -0.2
             2031             558     -5.0818     -1.7874       -0.1        3.8
             2031             559     -4.4121      3.2697       -1.9       -0.2
             2031             560     -0.0563      3.4977       -0.1        1.0
             2031             561      1.6779     -6.1886        1.9        8.4
             2031             564      3.3030     -1.2156        1.8        1.1
             2031             566      6.2401      3.5683        7.4        0.5
             2031             574     -4.3632      4.9031        1.7       -6.8
             2031             575     -0.9059     -1.8676        0.8        2.5
             2031             576      1.1724      4.5200       -2.3       -1.2
             2031             582     -4.4506      6.7491       -2.0        0.3
             2031             585     -6.8181     -3.5784        0.7        4.0
             2031             589     -4.1424      5.7618        1.2        0.5
             2031             590    -10.9206     -5.4756        1.1       20.5  skipped
             2031             592      5.6315      2.4586        7.0        7.4
             2031             595      0.7552      1.8578       -2.9        4.8
             2031             597     -6.9731     -0.5468        1.2        0.3
             2031             598     -0.6784      2.6817       -4.8       -0.3
             2031             599      1.6054      4.3362       -4.1        1.8
 
             2090             551      8.6730     -1.5136        2.6        2.5
             2090             553     10.5888      1.4938        4.7       -4.6
             2090             554     10.3516      3.1274        0.3       -3.2
             2090             556      5.2564      6.5079        0.8       -9.6
             2090             557      2.3694     -6.3862        5.8        3.0
             2090             558     -6.0885     -5.4875        1.1        5.5
             2090             559     -6.8597      1.1233        2.0        3.1
             2090             560     -3.2118      2.1397       -1.8        3.4
             2090             564      0.6067     -1.8313       -2.8        4.3
             2090             566      3.2423      2.2534        5.3        4.6
             2090             574     -1.3380      5.2060        2.3       -6.8
             2090             575      1.3792     -1.6323       -2.1        2.2
             2090             576      3.6574      4.6797        4.8       -1.4
             2090             583     -7.0678      2.7087        0.6       -2.7
             2090             584     -9.8698      4.1437       -3.3        0.7
             2090             585     -7.7387     -1.0288        0.8        0.8
             2090             592      9.0336      1.5864        3.2        5.7
             2090             595     -1.3882      2.5976       -2.3        5.7
             2090             596     -4.3854     -7.2539       -1.9        3.9
             2090             597     -6.0951      1.5228        0.7       -1.5
             2090             598      0.1767      4.5297       -2.9        0.0
             2090             599      3.0311      7.1825       -5.4       -1.6
             2090             600     -8.8029      5.3929        0.0       -0.9
 
             2085             551      6.8093      6.4537        5.9       -3.2
             2085             552      9.5745      2.2700        0.5        0.8
             2085             553      7.6782      6.3949       -5.3      -12.3  **
             2085             557     -2.4423     -2.4575        1.8        0.3
             2085             558     -9.5756      1.4408       -2.9        3.1
             2085             561      1.9033     -3.2583        1.8       -1.7
             2085             563      2.6113     -5.1034        2.2       -1.7
             2085             564      4.6393      2.1465        7.3        0.9
             2085             567     10.3913     -5.7802        0.7        4.3
             2085             574     -6.4091      2.5132       -4.8       -0.8
             2085             575     -2.1560     -4.4028       -3.6        0.8
             2085             576      0.0720      2.6152       -3.4       -2.5
             2085             580     -3.0021      7.0441       -2.1       -3.9
             2085             582     -2.9129      6.0877       -4.1       -6.0
             2085             583     -6.4856     -1.4875       -3.3       -0.8
             2085             584     -9.3445     -0.6894        0.3        3.5
             2085             585     -4.4585     -4.2167       -4.1       -3.1
             2085             590     -8.9775     -5.1332        0.7        8.9
             2085             592      3.7971     -0.1473        7.1       -0.7
             2085             595      2.8416      4.2145       -3.2       -1.9
             2085             596     -0.4754     -6.6881        2.6        1.8
             2085             597     -5.9355     -2.2850        0.5       -1.3
             2085             598      0.9424      1.2698       -3.7       -3.3
             2085             599      4.4803      2.0606        6.0        5.0
             2085             600     -7.0770     -3.1425      -24.6      -23.5  skipped
 
             2014             559     -2.7345     -4.5473      -28.1        7.3  skipped
             2014             560      0.3487     -6.2612       -1.1        0.0
             2014             566      9.7475     -5.4775        2.6       -2.2
             2014             575      0.6626      4.4295       -0.4      -11.7  **
             2014             595     -4.0263     -2.1158       -3.9       -3.9
 
             2002             556     11.0940     -0.8387       -0.6        1.8
             2002             560    -11.1949     -4.2026       -0.7       -2.4
             2002             564     -6.4996     -5.6934        3.5       -2.7
             2002             566     -4.0964     -3.7227       -2.2        2.8
             2002             575      7.3313      0.7234        2.7        3.7
             2002             576     10.3199      6.9744      -21.8      -16.4  skipped
             2002             595     -7.6091      2.9918        0.6        1.3
             2002             596    -10.9133     -7.0415        0.0        5.5
             2002             597     -5.4021      7.2139       -2.6       -1.8
 
             2026             551      8.8743     -5.1918       -2.2        6.4
             2026             556      6.5246      4.2239        8.3       -5.8
             2026             559     -9.4478     -0.6325        7.1        7.4  skipped
             2026             560     -6.2019      1.1492        0.5        3.2
             2026             564     -1.7417     -2.3197       -1.6       -0.2
             2026             566      0.7301      1.3024       -1.3       -0.4
             2026             574      1.2393      5.6956        3.9       -6.8
             2026             575      3.4095     -1.4258        2.3       -0.1
             2026             576      5.9628      4.9923        3.7       -0.2
             2026             583     -6.6994      4.9596        0.2       -6.9
             2026             584     -9.5881      6.7872      -10.8       -2.4  **
             2026             585     -8.7610      1.1653        0.5       -4.1
             2026             588    -10.3671     -4.1339       -5.8        2.2
             2026             596     -6.3890     -6.7552       -1.6        3.8
             2026             598      0.9500      6.2603        0.3       -3.5
 
             2089             556      7.2562     -0.3762        9.5        4.3
             2089             560    -10.6488     -0.0928        1.5       -0.7
             2089             564     -5.4863     -2.4987        1.0        0.4
             2089             566     -3.7066      0.1136       -2.8        2.9
             2089             574      5.1057      5.1584        4.0       -7.8
             2089             575      6.5213     -1.6925        3.9        2.1
             2089             576      9.2521      4.4345       -1.2       -5.9
             2089             585     -9.0507      4.5289        4.7      -11.3
             2089             588    -11.3081     -0.6488       -3.2        0.0
             2089             595     -5.6569      4.6606       -4.5        0.9
             2089             596     -8.8974     -5.1118       -4.1        1.8
             2089             597     -3.8210      5.5703       -1.1       -2.1
 
             2122             551      7.1470     -3.7173       11.8       -2.7  **
             2122             553     10.5023     -0.4657        6.0       -5.7
             2122             554     10.2922      1.7707       -2.4       -2.1
             2122             556      4.4953      4.9982        4.1       -4.1
             2122             560     -7.0390      4.6361       -0.5       -2.9
             2122             561     -3.8536     -7.3423       -2.9        4.4
             2122             563     -4.0749     -7.3482       -3.2        1.8
             2122             564     -1.4769      0.0116        1.9        0.0
             2122             566      0.8299      4.5657        3.8        4.0
             2122             574      0.9094      4.1804        5.2       -4.9
             2122             575      3.2130     -3.1967        1.1       -2.5
             2122             576      5.9396      3.6737        3.6       -3.4
             2122             583     -5.6487      4.5699       -1.8       -9.4
             2122             584     -8.5446      6.3369       -8.0       -5.8
             2122             585     -7.4118      1.4730        0.7       -7.4
             2122             588     -9.1647     -3.6671        5.7        2.4
             2122             595     -2.3058      5.2788       -3.4        0.2
             2122             596     -5.6731     -5.6577        0.5        2.2
             2122             597     -4.5627      2.7097        4.0       -4.8
             2122             598      2.3154      5.7755        3.4       -4.6
 
             2112             553      8.0583     -5.5274        3.3        8.5
             2112             554      7.9730     -3.4822        1.6        2.0
             2112             556      3.5713     -1.0066        6.0        6.9
             2112             560    -11.2933      3.7689       -3.3       -7.7
             2112             561     -7.8480     -6.7294       -0.5       10.5
             2112             564     -5.4166      0.6297       -2.3        4.6
             2112             566     -4.4051      3.7318       -2.9       -0.3
             2112             574      5.0199      1.9208        6.9       -0.9
             2112             575      6.4700     -4.4257        2.6       -0.6
             2112             576      9.0143      1.6297        3.6        1.0
             2112             583     -2.5144      6.7227       -1.2       -5.3
             2112             585     -6.1182      5.0927        0.9       -4.6
             2112             586    -11.3735      5.7688       -5.2       -5.0
             2112             588     -8.4237      0.6766        4.3        0.4
             2112             591      7.1011      6.6762        4.3      -10.3  **
             2112             596     -7.5336     -2.8091       -4.7        0.5
             2112             597     -1.7670      4.4160       -2.0       -0.6
             2112             598      4.3739      6.9249        5.0        0.4
 
             2107             566     -1.1010     -6.2647       -4.3        3.0
             2107             575      5.7237      2.8114        0.3        3.2
             2107             595     -7.4813      0.4457        3.9       -1.7
             2107             597     -7.8785      6.9430       -4.1        1.0
 
             2016             551      1.1219     -6.4318       -2.4        1.5
             2016             553      7.2356     -3.6997       10.9       -1.3  **
             2016             554      7.2080     -1.1999        6.8        3.0
             2016             556      1.5586      1.1716       -1.4        3.9
             2016             561     -7.4600     -5.0584       -2.3        2.4
             2016             563     -6.8206     -4.0719       -0.4        1.1
             2016             564     -4.1307      2.8270        1.3       -0.2
             2016             566     -3.1077      7.3392        1.2       -6.7
             2016             574      3.7536      0.7172        8.2        0.1
             2016             575      5.4218     -6.0601        0.0       -2.2
             2016             576      8.1959      0.6950        3.0       -4.1
             2016             588     -7.3441      0.1173        0.7       -4.7
             2016             591      5.7648      6.8523        3.8       -8.9
             2016             596     -6.2967     -2.4726        1.3       -1.6
             2016             597     -1.5285      3.3023       -2.3       -7.7
             2016             598      5.2273      6.0967        4.6       -6.5
 
             2119             553      5.2840     -7.2349        3.3        8.8
             2119             554      5.2844     -5.0978        0.0        2.1
             2119             556      1.0134     -3.1549        0.2        9.5
             2119             561     -9.8857     -4.6222       -8.3        4.8
             2119             562    -11.4207     -4.9530       -9.0        4.4
             2119             563     -9.1384     -2.8293        3.1        4.6
             2119             564     -6.7143      2.9346       -0.2        0.3
             2119             566     -6.5367      6.1367       -3.1       -9.5  **
             2119             567     -4.5243     -7.0263       -1.4        7.3
             2119             574      6.4459     -0.8071        7.8        2.6
             2119             575      7.7047     -6.8281       -1.4        5.8
             2119             576     10.1643     -0.8055        0.0        1.2
             2119             583      0.0104      7.0319       -1.9       -3.7
             2119             585     -4.0695      6.7616        0.0       -3.4
             2119             591      8.2297      3.7636        6.1       -1.7
             2119             597      0.3896      4.3745       -2.2       -2.0
             2119             598      6.4697      6.7189        2.9        0.0
 
             2066             557     -8.9991      3.0876       -5.4       -4.8
             2066             561      5.8215      4.3388        0.1       -3.5
             2066             562      6.6631     -2.3603       -0.5       -1.3
             2066             563      8.5023      1.1557        1.4       -2.2
             2066             573    -10.8514      4.5974       -7.0       -5.9
             2066             592     -6.9312     -3.7575        4.5        2.9
 
             2095             551      3.3083      0.0988       -0.8       -0.3
             2095             552      7.6943     -3.6070        4.1       -4.1
             2095             553      6.9922      1.1258        6.8       -3.9
             2095             554      6.9744      3.3099        2.6       -0.8
             2095             556      0.6995      6.0650       -4.8       -5.5
             2095             561     -3.2245     -3.8117       -4.2       -1.2
             2095             562     -5.1392     -7.2461       -3.5        7.5
             2095             563     -2.4769     -4.1162       -4.4        0.2
             2095             564     -0.0989      2.8940       -0.8        1.6
             2095             567      4.4320     -6.4369        8.1       -1.6
             2095             570     10.5544      6.3012      -10.5      -25.8  skipped
             2095             574     -0.9024      1.0885        2.6       -7.2
             2095             575      1.8252     -5.6366        0.4       -2.2
             2095             576      4.3433      1.2390        4.4       -3.4
             2095             583     -3.7439      2.3905       -1.4       -7.0
             2095             584     -6.2558      3.7494       -1.7       -4.7
             2095             585     -4.3800      0.6728       -1.0       -5.2
             2095             586     -9.7655     -0.2964        1.0       -1.0
             2095             588     -5.8360     -3.6884        0.3        0.1
             2095             590    -10.5757      0.0893       -6.8       -5.0
             2095             592      9.2759     -4.1722       -5.4        3.3
             2095             595     -0.0952      6.6715       -6.1       -2.9
             2095             596     -3.4940     -4.1021        0.1        1.8
             2095             597     -3.2231      0.6627        0.4       -5.2
             2095             598      3.5446      3.7547        2.4       -2.6
             2095             599      9.1188      6.1691        2.1       -4.1
             2095             600     -1.7113      6.0581       -2.2        0.8
 
             2005             551     -1.8438     -4.6403       -5.7        8.4
             2005             553      4.0399     -3.4528        5.8        3.0
             2005             554      4.1002     -1.4232        2.4        1.1
             2005             556     -0.7528      0.4044        3.2        1.4
             2005             561     -6.9231     -2.6983       -2.6        3.6
             2005             562     -7.9987     -4.1647       -0.4        5.0
             2005             563     -5.8358     -1.8520       -0.6        2.7
             2005             564     -3.6381      3.9041       -0.6       -1.1
             2005             567     -1.1476     -4.7893       -2.8        5.6
             2005             569     10.0415     -7.2895       -3.5        7.8
             2005             570     10.1531      0.9682        0.6       -7.5
             2005             573      5.6260      6.6408        6.9       -5.2
             2005             574      2.9820     -1.6293        0.9        4.3
             2005             575      4.7847     -7.4168        2.9        5.0
             2005             576      7.0507     -1.2730        7.1        4.4
             2005             577     10.6132      3.9115        2.7       -0.5
             2005             583     -0.3173      4.2026       -0.4       -2.8
             2005             584     -2.1406      5.7865       -6.3       -4.4
             2005             585     -2.6749      4.1063       -1.1       -2.3
             2005             586     -6.6379      4.6429       -1.3       -0.7
             2005             588     -4.7314      0.5619       -0.8       -0.7
             2005             590     -9.0813      4.1280       -5.4       -5.6
             2005             591      4.4829      3.5429        4.6        1.4
             2005             596     -4.9007     -1.0918       -3.4       -1.0
             2005             597     -0.2035      2.0070       -3.2       -2.7
             2005             598      5.8130      4.5037        3.9        1.7
 
             2102             551     -1.0951      1.1699       -2.1       -1.7
             2102             552      3.0113     -2.5329       -0.7        2.7
             2102             553      2.9339      0.8232        2.1        2.5
             2102             554      3.0720      2.6482        1.6        0.9
             2102             556     -2.4812      4.5729       -1.7       -3.6
             2102             559    -11.0223      7.3900       90.1      -72.5  skipped
             2102             561     -3.3839     -0.7239       -1.4        2.8
             2102             562     -3.9709     -3.5222        0.6        5.4
             2102             563     -1.9463     -0.9820       -0.3        2.0
             2102             564     -0.0087      4.7846       -0.9       -1.5
             2102             567      2.8315     -2.5223        3.1        2.5
             2102             569      9.5650     -2.6866        2.0        1.0
             2102             570      6.7433      3.5184        5.4       -1.8
             2102             571      3.7744      7.5827        1.7       -1.6
             2102             573      1.2903      5.7151        0.8       -6.0
             2102             574     -1.3229     -2.3374       -7.4        7.3
             2102             576      3.3825     -1.5692        0.4        4.1
             2102             577      6.2070      3.6626        2.9       -1.5
             2102             580      1.8991      6.7262        1.5        3.1
             2102             581      3.8256      7.5548       -0.7        1.5
             2102             582      1.6249      7.0845       -0.2       -2.5
             2102             583     -0.9739      0.7123        1.4       -4.4
             2102             584     -2.8708      1.8443       -4.8        1.1
             2102             585     -1.2042      0.7533        0.9       -3.3
             2102             586     -4.4970      0.1988       -1.6        4.2
             2102             588     -2.4522     -2.4619       -0.7       -0.1
             2102             590     -6.3829      1.2020       -0.8       -0.9
             2102             591      0.0047      3.5672       -5.2       -2.3
             2102             592      5.9701     -6.7565       -7.6       33.1  skipped
             2102             595      1.2833      7.4602       -4.0       -1.8
             2102             596     -1.9298     -1.9583       -0.9        0.5
             2102             597     -1.1495     -0.8910       -1.1        2.1
             2102             598      4.8047      1.8523       -0.1        1.8
             2102             599     10.3702      2.7917       -2.0       -1.8
             2102             600      3.3000      2.4352        2.4        2.5
 
             2029             551     -0.3578      5.0616       -3.6       -6.3
             2029             552      3.0351      0.9613        1.2        2.5
             2029             553      2.3450      3.8369       -0.4       -0.9
             2029             554      2.5406      5.4702        1.0        1.1
             2029             557     -6.3700     -4.5016        8.4        7.4
             2029             561     -0.7685      0.5439        3.4       -1.7
             2029             562     -1.0237     -3.2332       -2.9        5.8
             2029             563      0.9034     -0.5171       -7.5        5.9
             2029             564      2.6569      5.2797        2.4        0.5
             2029             567      5.7537     -1.0854        7.1        2.2
             2029             568      8.2167     -5.9692        4.8        3.5
             2029             569      9.4327      0.4928        6.2       -2.7
             2029             570      4.4306      5.4717        2.0       -3.8
             2029             571      1.0275      7.5379       -1.8        4.1
             2029             573     -1.9133      5.2275       -0.5       -7.1
             2029             574     -4.6158     -2.6816       -9.0        7.8
             2029             576      0.7179     -1.6264       -4.0        6.6
             2029             577      3.0037      3.6706       -1.7       -2.2
             2029             580      0.6190      4.7224       -1.9        0.5
             2029             581      2.7278      5.6988        0.0       -0.7
             2029             582      1.0066      4.8159       -2.1       -1.7
             2029             583     -1.6424     -1.9493       -0.4        2.0
             2029             584     -3.6002     -1.0894       -1.3        5.4
             2029             585     -0.2416     -1.8542       -1.8        4.9
             2029             586     -3.0714     -3.2953       -1.7        8.3
             2029             588     -0.8219     -4.9220       -1.4        0.1
             2029             590     -4.4918     -1.1260        0.7        6.4
             2029             591     -3.2944      3.7792       -4.2       -6.0
             2029             592      2.3857     -5.6267       -3.7       25.4  skipped
             2029             595      3.4515      6.7165        0.3       -2.2
             2029             596      0.2269     -2.7306        0.8        1.4
             2029             597     -2.0149     -3.0906       -3.1       -0.9
             2029             598      3.9164     -0.1120        0.0       -0.9
             2029             599      8.8055     -0.3082        5.8        0.9
             2029             600      2.5746     -2.8034        2.3       -0.2
 
             2087             553     -0.2743     -6.9978        0.0        8.1
             2087             554     -0.1379     -4.7806       -4.3        0.9
             2087             556     -4.6258     -3.8448       -6.5        6.0
             2087             562    -10.5034      0.0170       -2.2       -0.8
             2087             563     -8.6090      1.9886       -0.9       -3.8
             2087             564     -6.3790      7.3121       -3.0       -4.7
             2087             567     -5.6693     -1.4315       -4.1        4.6
             2087             568     -4.1500     -7.0971       -3.2        1.9
             2087             570      9.2800     -4.2778       -3.3        3.9
             2087             571     10.2119      3.9032        2.5        0.4
             2087             573      9.2729      2.3335        1.1       -5.1
             2087             574      6.1325     -6.2135        4.6        6.4
             2087             576      9.6129     -5.3889        2.5        2.6
             2087             583      3.9945      5.3321        3.9        0.2
             2087             584      2.6680      7.0083       -6.7       -8.0
             2087             585      0.3484      7.4242        2.3        1.9
             2087             588     -2.5170      4.5555       -0.8       -0.8
             2087             591      7.1449     -1.5232        8.5        5.1
             2087             597      3.5169      2.4576       -0.1        2.1
 
             2110             551     -8.0070     -3.8488       -0.3        8.1
             2110             553     -0.4692     -4.5037       -1.3        3.5
             2110             554     -0.2847     -2.3574       -4.0        1.0
             2110             556     -5.1912     -1.3971       -4.3        2.5
             2110             561     -8.7832      0.9673       -1.7       -3.1
             2110             562     -8.3822      0.0324        4.0       -0.1
             2110             563     -6.5243      2.1346        0.1       -0.2
             2110             564     -4.4160      7.4943       -1.6       -3.0
             2110             567     -3.3651     -0.5803       -5.4        3.7
             2110             568     -1.7333     -5.9989       -2.8        1.9
             2110             569      5.2838     -7.4472        1.0       -0.3
             2110             570      7.5934     -2.5420        5.3       -2.6
             2110             571      8.0694      4.0565        4.1       -2.4
             2110             573      6.7915      2.1756        6.1       -3.4
             2110             574      3.7829     -6.2827        4.1        5.6
             2110             576      7.5381     -5.2288        0.5        3.8
             2110             577     11.2340     -0.6995        0.1        1.5
             2110             583      3.4326      3.5721        4.3       -1.1
             2110             584      2.0142      5.0192       -3.8       -4.6
             2110             585      0.8763      5.6067        2.0        0.2
             2110             586     -1.9222      6.8573        2.2       -3.4
             2110             588     -1.5656      2.9274       -0.5       -1.4
             2110             590     -5.8500      6.9337       -5.8       -5.4
             2110             591      4.6628     -1.1520        3.0        3.0
             2110             596     -3.8998      1.9678       -2.6       -1.5
             2110             597      2.8557      1.0346       -0.1       -0.2
 
             2116             551     -5.2542      0.7392       -3.4       -2.3
             2116             552     -0.4422     -3.4467       -3.2        2.5
             2116             553      0.1211     -0.5847       -4.7        5.5
             2116             554      0.3532      1.3771       -2.6       -7.6
             2116             556     -5.1738      2.6679       -2.0       -4.3
             2116             561     -5.2887      1.4113       -2.0       -1.8
             2116             562     -4.9929     -0.7624        1.6        3.5
             2116             563     -3.1439      1.5858       -1.7        0.6
             2116             564     -1.2106      7.0796       -0.6       -2.3
             2116             567      0.5939     -0.0880       -7.3        4.3
             2116             568      2.5183     -5.1909        0.7        0.1
             2116             569      6.4932     -3.5626        5.4       -1.3
             2116             570      5.5701      0.7749        5.0       -0.6
             2116             571      4.7034      5.0673        1.9        2.4
             2116             573      2.7499      2.8456        2.0       -1.6
             2116             574     -0.0969     -5.4268       -5.0        9.8
             2116             576      4.2800     -4.1842        0.3        3.3
             2116             577      7.2918      0.6046        4.2        2.1
             2116             580      4.3061      6.1429        5.1        4.0
             2116             581      6.0475      7.0574        0.6       -2.5
             2116             582      4.1031      7.1873        1.1       -4.2
             2116             583      1.7521      0.8652       -2.6       -2.3
             2116             584      0.1349      2.0102       -3.8       -1.0
             2116             585      1.0027      2.3938       -0.4        0.4
             2116             586     -1.5944      2.5656       -1.1        0.1
             2116             588     -0.6477     -0.2199        2.5        1.7
             2116             590     -4.6338      3.6938       -3.7       -4.1
             2116             591      0.8021      0.3881      -12.2       -3.0  **
             2116             596     -1.7878      0.3133        0.4       -1.6
             2116             597      1.1540     -1.0697       -6.8        0.9
             2116             598      7.0221      1.4804        3.1       -0.7
             2116             600      8.5134      3.1117        0.6       -2.9
 
             2020             552      3.1152      7.4826        0.9        2.5
             2020             557     -7.4875      1.6030       -2.1        3.7
             2020             561      4.5122      3.0788        5.6        3.8
             2020             562      5.0272     -2.6702        4.6        1.0
             2020             563      6.7285      0.4083        9.0        2.2
             2020             564      8.1050      6.2784        2.9       -0.5
             2020             569      9.2245      6.5937        0.5       -6.4
             2020             573     -8.4954      4.2687        2.4       -2.2
             2020             576     -4.6835     -1.7183       -0.5        6.0
             2020             577     -3.5013      3.7257        1.1       -0.9
             2020             578     -4.4912      5.9376        5.2       -1.5
             2020             579     -7.2249      3.1517        6.3        1.2
             2020             580     -2.0981      0.5202       -0.5        4.1
             2020             581      0.4030      1.8131       -4.8        0.2
             2020             582     -0.3341     -0.0098        0.9        3.8
             2020             585      1.8182     -7.5128       -1.4        5.7
             2020             598      1.9740     -4.3658       -2.3       -0.1
 
             2082             551     -5.8451      4.7054       -4.1       -8.8
             2082             552     -1.5476     -0.0696        1.0        2.2
             2082             553     -1.4689      2.1003       -5.9       -0.3
             2082             554     -1.1281      3.9365       -3.2       -2.9
             2082             556     -7.2403      5.1778       -6.8       -7.9
             2082             557    -10.4608     -6.8461        0.5        9.2
             2082             561     -3.2776      3.4742       -3.6       -1.7
             2082             562     -2.3673      0.5246        0.4        2.7
             2082             563     -0.6717      2.9791       -1.9        1.4
             2082             567      2.7992      2.2243        2.6        1.9
             2082             568      4.7327     -2.4629        5.9        2.8
             2082             569      5.3081     -0.5231        3.1        0.4
             2082             570      2.6715      1.8654       -0.2        2.1
             2082             571      2.1000      4.0728        0.3        0.6
             2082             572      0.7345      6.7706       -1.1       -1.6
             2082             573     -0.1317      1.2307       -1.5       -6.4
             2082             574     -3.1274     -7.0412       -9.1        5.7
             2082             576      1.7586     -5.2241       -1.8        3.1
             2082             577      4.2434     -0.5432        2.2        0.9
             2082             578      4.9895      5.3220        5.1        2.1
             2082             579      0.8313      6.6673        0.3        2.8
             2082             580      3.8838      3.7916        1.5        1.3
             2082             581      5.7464      4.9087        1.6       -2.4
             2082             582      4.4222      4.8367        2.7       -2.2
             2082             583      2.1592     -1.8635        1.4        0.7
             2082             584      0.5428     -0.9639       -3.8        8.8
             2082             585      2.8598      0.3402        2.4        1.0
             2082             586      1.0024     -0.0821       -4.4        1.7
             2082             588      1.7268     -1.8205       -0.4        0.3
             2082             590     -2.0281      2.2688       -2.8       -1.4
             2082             591     -2.4520     -0.6190       -8.4       -0.6
             2082             596      0.4681      0.3684       -3.4       -4.3
             2082             597      1.1881     -3.4358       -4.3       -1.0
             2082             598      6.9724     -0.7315        2.1        1.3
             2082             600      9.9424     -2.0906       -2.3        0.3
 
             2074             569     -5.4722     -1.2041       -1.8        1.9
             2074             570     -3.6902     -7.3116       -3.5        1.2
             2074             571      4.0276     -5.6228       -0.5        2.3
             2074             572      4.5862     -3.0995        0.4       -0.5
             2074             588      9.6288      4.9750        1.3        2.1
             2074             597      9.8516     -5.8724       -2.1        7.4
 
             2077             553    -10.8472      4.0314      -25.1       -5.8  skipped
             2077             554     -9.9254      6.4693      -10.0        0.6  **
             2077             568      3.5417      7.2165        0.4       -6.3
             2077             569     -2.3560      2.6364       -2.6       -1.1
             2077             570     -4.6182     -2.2388       -3.8        3.2
             2077             571      0.1946     -2.7943       -1.6        1.0
             2077             572     -0.0517     -0.8708       -5.8        7.0
             2077             578      8.3067     -3.8537        3.4       -2.5
             2077             579      7.0758      0.8426        9.6       -0.3
             2077             580      9.6345     -0.7220        3.1       -1.6
             2077             581     11.3721      1.1789        0.7       -3.1
             2077             583     10.1116     -6.2187       -3.5        7.8
             2077             584      8.6455     -5.5569       22.9       -3.8  skipped
             2077             588      9.9589      0.8979       -6.4       -1.1
             2077             590      5.7733      6.4880        4.1       -8.7
             2077             596      4.1894      5.5706       -1.6       -4.4
 
             2079             553     -9.8845     -1.8284       -1.3       -2.4
             2079             554     -9.2206      0.9931        5.0       -1.6
             2079             568     -2.0572      3.7826        0.8       -1.4
             2079             569     -2.2745     -3.4917       -0.3       -1.3
             2079             570      0.2234     -6.2056        2.4        0.7
             2079             571      5.9139     -2.4467        2.0       -1.3
             2079             572      6.0536      0.6425        2.1       -0.1
             2079             573      5.1324     -7.1876       -1.4        6.1
             2079             579     10.5012      6.1809       -6.7       -2.5
             2079             583     10.5834     -0.7301        3.5       -0.2
             2079             584      9.4135      0.2308       12.2       -4.7  **
             2079             585      9.2125      5.8330        6.3       -2.1
             2079             588      6.2848      4.8561        1.2        0.1
             2079             596      0.3487      6.6154       -4.0       -7.3
             2079             597      8.0116     -3.5201        2.3        0.6
 
             2123             553     -2.9121     -7.0042        0.1        6.3
             2123             554     -2.7268     -4.7460       -1.3        5.3
             2123             556     -7.3054     -4.2928       -2.3        1.2
             2123             561    -11.3429      2.4203      -19.0       -6.4  skipped
             2123             562    -10.1827      2.2843       -0.4       -4.9
             2123             563     -8.4635      4.1854       -1.1       -1.6
             2123             567     -6.2975      1.0725       -6.0       -2.5
             2123             568     -5.0445     -4.3563       -4.7        2.0
             2123             570      7.3858     -5.9506       -2.0        4.1
             2123             571     10.0402      1.6733       -5.6       -1.3
             2123             572      9.6650      5.6456        1.1       -5.2
             2123             573      9.4083     -0.3474       -1.2        6.5
             2123             583      5.9981      4.5707        8.9        1.7
             2123             584      4.8286      6.1095       -1.8       -5.9
             2123             588     -0.5804      5.4357       -0.9        2.1
             2123             591      6.7070     -4.2574        9.2        6.5
             2123             597      5.0871      1.5804        5.3        1.9
             2123             598     11.0036      3.6541        0.7        1.4
 
             2064             553     -6.9231     -6.5628       -6.0        2.8
             2064             554     -6.4969     -3.5685       -2.6        3.9
             2064             562    -10.4449      5.7023      -11.4      -11.3  **
             2064             567     -6.8455      5.2209       -2.7       -6.6
             2064             568     -5.6919     -1.0892       -1.5       -2.6
             2064             571     10.4176     -0.2239       -4.2        0.6
             2064             572     10.5125      3.9258        3.1       -1.3
             2064             573     10.1742     -3.6350        0.7       -0.9
             2064             583      9.1987      3.7267        2.4       -5.4
             2064             584      8.1781      5.1490       -0.9      -11.2
             2064             588      2.2069      6.9026        0.3        2.8
             2064             596     -3.1736      6.2623       -4.6       -6.5
             2064             597      7.3953      0.2676        6.4       -1.3
 
             2108             552     -5.5762     -5.1507        4.0        8.0
             2108             553     -3.9879     -2.9639       -1.3        3.2
             2108             554     -3.6798     -0.8135        0.4       -1.0
             2108             556     -9.0433     -0.4320       -5.2        0.2
             2108             561     -8.2263      4.3171       -3.2       -7.6
             2108             562     -6.6716      3.0302        1.5       -5.1
             2108             563     -5.0658      5.1141       -3.5       -3.3
             2108             567     -2.8040      3.1876       -4.0       -3.8
             2108             568     -1.4431     -1.7604       -1.8        3.3
             2108             569      1.9747     -5.1655        0.0        1.3
             2108             570      4.0173     -3.5899        0.7        3.2
             2108             571      6.4014      1.2180        2.0        1.8
             2108             572      5.8817      4.4624        2.5        0.6
             2108             573      5.2941     -1.4842        5.1        3.8
             2108             577      9.2905     -4.1199       -4.0        5.8
             2108             578     11.3232      4.2075       -6.8       -2.1
             2108             580      8.0135      5.4671        4.7        1.9
             2108             581      9.4279      6.5011        4.6       -1.4
             2108             582      7.8087      7.5534        8.3       -5.4
             2108             583      5.7818      1.3333        9.3        0.7
             2108             584      4.4927      2.5150        3.4        0.3
             2108             585      4.0526      4.9621        5.9        4.2
             2108             586      2.3322      6.1808        2.8       -2.3
             2108             588      1.6906      3.0740       -2.5       -1.2
             2108             590     -2.3610      7.3811       -1.0       -2.2
             2108             591      2.3621     -4.5419       -0.4        5.8
             2108             596     -1.7833      3.5539       -6.1       -0.1
             2108             597      4.5517     -1.1270        3.0       -0.3
             2108             598     10.3479      1.1198        2.2       -0.3
 
             2088             552     -1.8884      6.1683        0.0       -3.0
             2088             553     -2.9905      7.5668       -5.2       -3.9
             2088             561      1.3537      6.2850        0.4       -1.3
             2088             562      3.0590      1.6281        3.0        0.0
             2088             563      4.5296      4.3682        5.1        2.4
             2088             567      7.8779      5.3174        5.7       -5.5
             2088             568     10.0532      1.3482       -2.9        0.3
             2088             569      4.6441      5.2714        1.1       -0.8
             2088             570     -2.0856      5.2251       -1.7       -1.6
             2088             571     -3.2736      3.4760       -1.2        0.7
             2088             572     -5.0394      5.0766        0.2       -0.3
             2088             573     -6.3655     -0.3798        2.3        6.0
             2088             576     -3.4366     -5.8695       -4.3        5.6
             2088             577     -2.0618     -1.1555       -3.4        1.2
             2088             578     -0.7852      1.9370       -0.7        2.1
             2088             579     -2.3828      1.4847        0.4        1.3
             2088             580      1.8213     -0.4908       -3.5        1.8
             2088             581      4.0288      0.9882       -1.7       -0.2
             2088             582      3.7710      0.1530        1.7        2.0
             2088             583      1.5363     -7.5188       -0.8        4.1
             2088             584     -0.1853     -6.9146        5.3        5.3
             2088             585      5.4257     -4.5899        2.1        2.6
             2088             586      4.7255     -6.6109        0.3        2.1
             2088             588      5.6545     -6.2654        0.2       -0.9
             2088             590      2.2258     -1.7938        2.4        3.3
             2088             591     -9.1562     -0.9095       -5.0       -3.5
             2088             596      4.7349     -0.6401        7.7       -0.8
             2088             598      5.7139     -4.9718        3.1       -0.9
 
             2120             552     -1.5580      3.1453       -1.2       -2.7
             2120             553     -2.0984      4.9146       -4.6       -5.2
             2120             554     -1.6741      6.5648        1.0       -2.7
             2120             557    -11.0109     -3.7166       -5.9        3.8
             2120             561     -0.8747      4.7680       -3.3       -2.0
             2120             562      0.3777      0.9385       -3.6       -7.6
             2120             563      1.9714      3.5423        0.2       -0.6
             2120             567      5.4443      3.6546        5.0       -2.0
             2120             568      7.5083     -0.6784        5.6        2.1
             2120             569      5.1120      2.4420        2.1        0.9
             2120             570      0.3571      3.6706       -2.2       -1.9
             2120             571     -0.6041      3.8989       -2.3        0.3
             2120             572     -2.1887      6.0592       -0.6       -3.5
             2120             573     -3.2744      0.5806        0.2        1.5
             2120             576     -0.8570     -5.4072       -3.1        3.4
             2120             577      1.0718     -0.6910       -4.5        2.2
             2120             578      2.0272      3.7755        0.6        0.2
             2120             579     -0.8883      4.1798        0.2       -1.7
             2120             580      2.7490      1.7224        0.1        0.4
             2120             581      4.7876      3.0084       -1.3       -2.0
             2120             582      3.9741      2.5423        2.1       -1.6
             2120             583      1.7151     -4.5961        0.0        3.2
             2120             584      0.0353     -3.8757        2.0        6.1
             2120             585      3.9939     -2.1430        1.3        2.6
             2120             586      2.6618     -3.3707       -0.3        2.3
             2120             588      3.5288     -4.0783       -0.2       -0.6
             2120             590     -0.0348      0.1569       -1.6        1.6
             2120             591     -5.7737     -0.5984       -3.9       -1.4
             2120             596      2.5638     -0.2409       -0.2       -1.3
             2120             597      0.5101     -5.7149       -2.6        1.7
             2120             598      6.2415     -2.7694        2.2       -0.4
 
             2001             552     -5.6492      5.3878       -0.5       -7.6
             2001             553     -6.2112      6.1648       -4.2       -6.8
             2001             562      1.8763      4.6644        3.0       -2.7
             2001             563      3.1675      7.1896        0.1       -1.0
             2001             568      7.1468      4.1501        0.7       -3.2
             2001             569      1.1941      4.4804       -3.4       -4.2
             2001             570     -3.7679      2.1237       -4.4        3.7
             2001             571     -2.4771      0.3067       -4.7        2.3
             2001             572     -3.4932      1.7602       -2.0        3.5
             2001             573     -4.9320     -4.0662        2.1       13.5  **
             2001             577     -1.1624     -5.0329       -4.5       -1.6
             2001             578      1.8818     -1.3157       -3.6        4.6
             2001             579      1.1913      0.0081       -7.0       -0.3
             2001             580      4.7226     -1.4257        3.6       -1.3
             2001             581      6.6857      0.2155        2.6       -3.4
             2001             582      6.8251      0.0931        5.9       -2.7
             2001             583      4.9939     -7.4981        1.0        7.6
             2001             584      3.4188     -6.7974       12.9        1.1
             2001             585      8.1178     -2.6643        5.5        4.7
             2001             586      8.1813     -3.7687        2.1       -1.0
             2001             588      7.7654     -3.5182        3.5       -0.2
             2001             590      4.2724      1.1329        6.5        0.2
             2001             591     -8.6149     -5.0135        0.8        5.8
             2001             596      4.8836      1.9558        5.6        1.3
             2001             598      8.4506     -5.5856       -3.5        4.2
 
             2010             552     -6.5615     -0.0279        4.0        1.4
             2010             553     -5.8855      1.2075       -0.7        1.9
             2010             554     -5.4067      3.1888        4.1       -4.6
             2010             561     -5.0743      7.0051       -4.8       -9.8
             2010             562     -2.8025      4.5270        2.4       -8.7
             2010             563     -1.3849      6.7803       -2.6       -4.4
             2010             567      0.6602      6.1458        1.3       -5.3
             2010             568      2.0796      1.7976       -1.6        0.7
             2010             569      0.7312     -0.5626      -10.0        3.8
             2010             570     -0.1798     -1.5840       -6.2        9.5
             2010             572      1.7710      2.3714       -5.0        1.2
             2010             573      0.7761     -3.6142       -1.9        8.4
             2010             577      4.5207     -5.5145        0.5       -1.6
             2010             578      7.5036      0.8044        4.6        1.6
             2010             579      4.7436      4.0950        5.9        1.8
             2010             580      7.1553      2.0005        7.7       -0.2
             2010             583      6.2125     -2.7250        6.2        1.6
             2010             584      4.8189     -1.8417        8.5        0.1
             2010             585      6.5739      1.8305        6.2        3.2
             2010             586      5.8480      2.1677        7.1       -5.8
             2010             588      4.9719      0.6275        6.0       -0.7
             2010             591     -2.6811     -5.7678        2.0        5.1
             2010             596      1.4415      3.3884       -2.1       -1.9
             2010             597      4.4588     -4.6056        0.7       -1.0
             2010             598     10.1026     -2.1367       -1.0        1.4
 
             2103             552    -10.0645     -5.1805       -7.4       -3.4
             2103             553     -7.5937     -3.2336       -4.8        0.9
             2103             554     -7.0433     -0.3741        2.7        2.0
             2103             562     -7.6743      6.1776        2.9      -22.7  skipped
             2103             567     -3.9687      6.7662        2.7      -11.4  **
             2103             568     -2.6464      0.8971       -0.3       -2.5
             2103             569     -0.1774     -5.3894        1.0        0.3
             2103             570      2.9770     -5.7660        7.2       -0.2
             2103             571      7.4259     -0.4772        2.6        0.4
             2103             572      7.3469      3.0681        0.1        0.0
             2103             573      6.6412     -4.4665        3.2        0.6
             2103             580     10.9506      5.3995       -9.9       -8.4
             2103             583      8.9970      1.1277        2.8       -1.3
             2103             584      7.8375      2.2539        8.5       -5.1
             2103             585      7.0021      6.5534        2.5       -5.4
             2103             588      3.9811      5.0192       -2.4       -1.8
             2103             597      6.9547     -1.8352        4.1       -1.3
 
             2069             562      5.7503      4.7479        1.8       -1.9
             2069             570     -6.1205      6.2133        3.5       -2.6
             2069             571     -6.3357      1.9252        0.8       -0.9
             2069             572     -8.2395      2.9388        3.4       -0.6
             2069             573    -10.3354     -3.5908       -5.5       -0.5
             2069             577     -5.5565     -3.9703        1.0       -4.7
             2069             578     -2.6731     -1.6213       -4.4        2.2
             2069             579     -2.4124     -2.1078       -3.1        0.9
             2069             580      2.7115     -3.4187       -0.7        1.0
             2069             581      5.2591     -1.4222        2.0        0.9
             2069             582      5.8679     -2.3646        3.5        0.3
             2069             585      9.6084     -6.7119       -6.4       10.1
             2069             590      6.5301     -2.2585        5.4       -4.0
             2069             596      7.7264      0.5982        6.0        0.1
 
             2060             580     -5.6928     -3.8547       -0.5       -0.6
             2060             581     -2.1040     -1.9341       -0.2       -0.4
             2060             582     -2.0137     -5.2985        0.3        1.0
 
             2099             578    -10.7113     -1.8414       -1.3       -4.7
             2099             580     -1.3569     -6.5098       -2.8        2.3
             2099             581      1.9291     -4.1413       -0.3        2.9
             2099             582      3.0945     -6.5731        0.1        2.1
 
             2036             581     -9.3586      1.3273        5.6       -2.3
             2036             582    -10.9540     -3.8244       -6.2       -2.5
             2036             598     -7.7328     -6.7239        1.6        3.2
 
             2067             570     -8.3489      3.6897        0.1       -4.0
             2067             571     -6.3036     -1.1922        2.9        0.5
             2067             572     -7.4901     -0.4853        5.4        2.5
             2067             578     -0.7903     -5.4069       -2.9        3.2
             2067             579      0.7160     -4.2949       -1.9        0.8
             2067             580      5.2200     -4.8656        2.0       -1.4
             2067             581      7.5417     -2.6264        4.3       -1.9
             2067             582      8.7111     -3.0178        0.2       -0.2
             2067             590      8.9543      0.0752        7.0       -3.5
             2067             596      8.2956      2.8245        1.6       -3.5
 
             2114             571     -8.6603     -3.3077       -2.0        0.4
             2114             572     -9.6701     -3.2229        2.1        0.2
             2114             581      8.5201     -4.9164        3.1       -3.1
             2114             582     10.5349     -5.3637       -3.1        3.1
             2114             596     10.3886      3.8880        2.3       -0.1
 
             2093             562      7.9782      3.1824        3.8       -2.9
             2093             563      9.4293      6.5286       -2.7       -4.8
             2093             571     -8.1990      3.6759        2.9       -2.1
             2093             572    -10.7641      4.5332       -6.2       -1.6
             2093             577     -7.7826     -1.7182       -1.2       -1.0
             2093             578     -5.9893     -0.5023        1.3       -0.4
             2093             579     -5.6069     -2.6681        1.0        1.9
             2093             580      0.3833     -4.0240       -2.3        2.4
             2093             581      3.1975     -2.0210        1.1        0.6
             2093             582      3.8172     -3.6426        1.4        2.2
             2093             590      6.5079     -5.3345        0.8        2.4
             2093             596      8.8088     -1.2358        4.9        1.2
 
             2059             561      4.5337      7.3879       -1.6       -5.4
             2059             562      6.4302      1.0606        3.2       -0.7
             2059             563      8.0864      4.4305       -0.4       -3.1
             2059             571     -6.3555      5.5303        1.3       -3.3
             2059             572     -9.1093      7.0096       -5.1       -1.0
             2059             573    -10.9173      0.9392       -6.2       -5.6
             2059             576     -6.4352     -5.2108       -1.5        2.4
             2059             577     -5.5250      0.5754        2.5       -0.7
             2059             578     -4.8270      2.7526        0.5       -3.0
             2059             579     -6.0676      0.4688        0.3       -0.6
             2059             580     -0.2423     -1.7014       -3.2        6.3
             2059             581      2.5379      0.0231       -1.5        3.7
             2059             582      2.4829     -1.5756       -0.2        1.0
             2059             590      3.4646     -5.1821       -3.7        3.8
             2059             596      6.9933     -2.2108        7.0        0.0
             2059             598      4.6126     -6.8204        5.9        3.5
 
             2062             580    -10.0758     -4.9094        0.3       -0.7
             2062             581     -6.0602     -3.0001       -0.4        0.8
 
             2086             571     -9.5650     -6.4954       -3.1       -3.1
             2086             572     -9.9283     -6.7969        0.0       -1.7
             2086             581     10.4392     -6.7079       -3.4        6.9
 
             2050             561      4.2560      7.0946       -3.5       -0.8
             2050             562      6.0700      0.9429        2.9        0.2
             2050             563      7.7126      4.2426        2.1       -0.2
             2050             571     -6.0066      5.4384        5.1       -1.7
             2050             573    -10.3949      0.9775       -2.4       -4.6
             2050             577     -5.1252      0.5709        0.3        5.6
 
             2038             571    -11.2262      5.6300       -1.2       -1.4
             2038             576    -11.1128     -5.5729       -3.4        1.4
             2038             577    -11.4106      0.5462       -2.0        2.0
             2038             596     10.9017     -3.3841       -7.0        4.4
 
             2021             556     -6.7559     -7.4234        3.3        3.7
             2021             567     -9.1837      0.1737       -4.4        4.2
             2021             591      9.8215     -4.8822       -2.9        4.3
             2021             596     -6.1862      5.0096       -2.3        0.9
             2021             597      5.9319      3.2604        6.8        1.4
 
             2057             570     -7.9695      3.4442       -5.8       -3.0
             2057             571     -5.9361     -1.1647        0.4        1.4
             2057             572     -7.0685     -0.3984        1.6        1.1
             2057             573     -9.2844     -7.2664       -0.6        3.4
 
             2054             562      5.3966      4.5851        2.4        2.3
             2054             570     -5.8020      5.8844        0.5       -2.1
             2054             571     -5.9661      1.8564       -1.9        0.8
             2054             572     -7.7845      2.9092        2.9       -0.1
             2054             573     -9.7825     -3.4829       -0.9        2.4
