*
*                                  Adjustment EPFL Hydro UAV-Nex5
*
 
*   <___Photo_No.__><___Easting__><__Northing__><__Height_><___Phi__><__Omega_><__Kappa_><___Camera_No._>
 
ORIA             551    313412.541   5154835.064    450.226    7.2054    0.2177  107.6876              N5
ORIA             552    313411.526   5154833.736    451.129    8.5801   -0.5259   98.2566              N5
ORIA             553    313412.238   5154833.488    451.744    5.4499    0.2955   84.9989              N5
ORIA             554    313413.246   5154833.085    451.855    7.9403    1.6164   86.3537              N5
ORIA             556    313413.825   5154834.881    451.430    2.4350    0.4939   74.8991              N5
ORIA             557    313410.828   5154837.320    451.741   12.8990    3.1308   79.4660              N5
ORIA             558    313410.687   5154839.319    450.789    8.1279   -1.7454  113.8244              N5
ORIA             559    313411.155   5154840.148    451.348    5.4419   -4.9129  151.3638              N5
ORIA             560    313411.653   5154839.057    451.045    1.5491   -2.8384  173.0393              N5
ORIA             561    313410.533   5154835.633    452.231    1.3178   -4.8732  167.3973              N5
ORIA             562    313409.903   5154834.318    452.199   -0.6034   -7.5368  189.8491              N5
ORIA             563    313410.913   5154835.243    452.289   -0.0517   -7.1933  185.9547              N5
ORIA             564    313412.326   5154837.562    452.496   -0.0555   -6.7258  184.8251              N5
ORIA             566    313413.667   5154838.205    451.372    0.0190   -3.0076  172.8720              N5
ORIA             567    313412.499   5154833.949    451.559    2.6966   -6.2778  167.3797              N5
ORIA             568    313411.963   5154831.978    451.266    1.7919   -5.4348  163.2321              N5
ORIA             569    313411.096   5154831.127    451.759    6.3173   -0.4953   97.1581              N5
ORIA             570    313410.573   5154831.496    451.797    2.3400    4.7803   42.0482              N5
ORIA             571    313409.667   5154830.819    452.215   -0.2579    7.3004   -4.9408              N5
ORIA             572    313409.690   5154830.527    451.636   -1.2070    2.9035  -16.5108              N5
ORIA             573    313410.599   5154832.297    451.340   -1.2581    5.9227  -13.9461              N5
ORIA             574    313411.687   5154835.038    451.659   -6.3867    6.4354  -10.1505              N5
ORIA             575    313411.304   5154836.986    453.838   -1.1779   13.6652   -7.5562              N5
ORIA             576    313410.127   5154834.913    452.905   -0.1204    6.8897   -5.1667              N5
ORIA             577    313409.162   5154832.904    451.436   -0.3664    7.2327   -3.7395              N5
ORIA             578    313408.178   5154832.013    450.929   -2.2298    5.7561  -31.9004              N5
ORIA             579    313408.078   5154831.795    451.361   -4.7484    4.3329  -63.4397              N5
ORIA             580    313407.673   5154833.543    453.136   -5.2357    4.9695  -68.6136              N5
ORIA             581    313406.391   5154834.458    453.793   -5.4017    3.5048  -70.2006              N5
ORIA             582    313407.313   5154834.580    453.077   -6.7402    3.4092  -87.2559              N5
ORIA             583    313410.402   5154834.118    452.576  -10.2023    2.6024  -89.1679              N5
ORIA             584    313410.657   5154833.748    451.994   -5.6230   -1.4306  -89.2903              N5
ORIA             585    313410.507   5154834.707    452.512   -7.3035   -1.8686 -126.4374              N5
ORIA             586    313410.587   5154833.814    450.730   -6.1080   -3.2763 -129.7820              N5
ORIA             588    313410.881   5154833.979    452.381  -10.6106   -5.8554 -142.4323              N5
ORIA             589    313407.863   5154837.727    451.739   -4.0066    3.6558 -146.2324              N5
ORIA             590    313409.143   5154833.740    451.821   -5.7277   -4.5022 -148.4370              N5
ORIA             591    313411.409   5154832.803    451.281   -2.5499    7.6591   -0.5442              N5
ORIA             592    313409.327   5154836.076    450.936    1.3052    5.1071   15.3747              N5
ORIA             595    313410.126   5154839.375    453.575   -8.1975   -4.7559 -177.9567              N5
ORIA             596    313410.622   5154834.395    454.113   -4.0518   -7.0305 -182.1601              N5
ORIA             597    313410.728   5154834.289    453.950  -12.6871    1.4526  -80.6988              N5
ORIA             598    313408.429   5154836.531    454.006   -9.9778    3.3400  -74.8269              N5
ORIA             599    313408.896   5154837.175    451.087   -5.0221    6.0822  -71.9123              N5
ORIA             600    313410.714   5154835.478    449.216   -6.9520    1.3831  -93.7413              N5
 
*   <______Number__><___Easting__><__Northing__><__Height_><_S_X_><_S_Y_><_S_Z_><Ray>
 
CORD            2001    313408.752   5154831.728    445.611  0.038  0.036  0.032  +25
CORD            2002    313415.531   5154838.630    445.598  0.047  0.043  0.032   +8
CORD            2005    313413.433   5154834.786    445.587  0.038  0.034  0.025  +26
CORD            2007    313406.775   5154839.463    445.633  0.044  0.042  0.047  +10
CORD            2008    313413.287   5154839.568    445.593  0.045  0.040  0.033  +10
CORD            2010    313410.772   5154831.441    445.604  0.038  0.035  0.028  +25
CORD            2014    313412.034   5154840.250    447.468  0.039  0.035  0.037   +4
CORD            2015    313407.929   5154840.353    447.162  0.041  0.038  0.046   +4
CORD            2016    313413.554   5154835.553    446.566  0.034  0.031  0.025  +16
CORD            2018    313407.339   5154837.593    445.630  0.038  0.037  0.041  +13
CORD            2020    313408.029   5154835.018    445.619  0.035  0.034  0.034  +17
CORD            2021    313415.235   5154831.664    445.588  0.045  0.042  0.030   +5
CORD            2023    313408.995   5154838.505    445.606  0.039  0.036  0.038  +19
CORD            2024    313411.857   5154839.324    445.585  0.042  0.037  0.034  +14
CORD            2026    313413.189   5154837.709    445.851  0.039  0.035  0.029  +14
CORD            2027    313410.069   5154839.399    445.607  0.041  0.037  0.037  +15
CORD            2029    313410.510   5154834.859    445.593  0.034  0.031  0.027  +34
CORD            2031    313410.982   5154837.765    445.600  0.038  0.033  0.031  +22
CORD            2033    313407.576   5154835.476    446.543  0.032  0.032  0.036  +15
CORD            2036    313405.617   5154838.678    446.953  0.040  0.041  0.049   +3
CORD            2038    313405.870   5154833.753    446.787  0.035  0.037  0.041   +4
CORD            2041    313405.914   5154836.422    446.813  0.035  0.037  0.044   +2
CORD            2050    313407.631   5154833.709    446.430  0.032  0.032  0.034   +6
CORD            2054    313407.594   5154832.303    446.424  0.034  0.034  0.034   +5
CORD            2057    313407.571   5154831.170    446.439  0.037  0.036  0.035   +4
CORD            2059    313407.540   5154833.699    446.542  0.032  0.032  0.034  +16
CORD            2060    313405.809   5154835.151    446.955  0.034  0.036  0.043   +3
CORD            2062    313404.633   5154836.457    446.948  0.038  0.041  0.049   +2
CORD            2064    313413.335   5154831.037    446.790  0.038  0.035  0.029  +13
CORD            2066    313407.656   5154834.917    446.405  0.032  0.032  0.035   +6
CORD            2067    313407.479   5154831.164    446.551  0.037  0.036  0.035  +10
CORD            2069    313407.505   5154832.307    446.549  0.034  0.034  0.034  +14
CORD            2074    313410.950   5154829.416    446.788  0.040  0.036  0.032   +6
CORD            2077    313409.755   5154830.436    446.773  0.037  0.034  0.031  +14
CORD            2079    313411.702   5154830.403    446.782  0.038  0.034  0.029  +15
CORD            2080    313409.295   5154835.970    446.539  0.030  0.028  0.031  +24
CORD            2082    313410.835   5154833.222    445.600  0.035  0.032  0.026  +35
CORD            2085    313410.346   5154836.621    446.548  0.031  0.028  0.030  +24
CORD            2086    313406.436   5154829.481    446.792  0.043  0.042  0.040   +3
CORD            2087    313414.331   5154832.871    445.593  0.041  0.037  0.027  +19
CORD            2088    313408.494   5154833.131    445.620  0.035  0.034  0.032  +28
CORD            2089    313414.837   5154837.406    445.584  0.043  0.039  0.029  +12
CORD            2090    313412.181   5154837.749    445.590  0.039  0.034  0.029  +23
CORD            2093    313406.835   5154833.025    446.553  0.034  0.035  0.037  +12
CORD            2095    313412.031   5154835.903    446.559  0.032  0.028  0.026  +26
CORD            2099    313405.766   5154833.198    446.970  0.035  0.037  0.041   +4
CORD            2100    313411.095   5154839.787    445.592  0.043  0.038  0.036  +13
CORD            2102    313411.736   5154834.787    445.587  0.035  0.031  0.025  +33
CORD            2103    313412.300   5154831.030    446.787  0.036  0.033  0.028  +16
CORD            2104    313408.456   5154836.671    446.548  0.032  0.030  0.035  +17
CORD            2105    313406.999   5154836.079    446.548  0.033  0.034  0.039  +13
CORD            2107    313414.904   5154839.903    445.606  0.049  0.044  0.035   +4
CORD            2108    313412.538   5154831.826    445.600  0.039  0.035  0.027  +29
CORD            2110    313413.418   5154833.013    445.592  0.039  0.035  0.025  +26
CORD            2112    313414.530   5154836.061    445.582  0.041  0.037  0.027  +18
CORD            2114    313406.746   5154830.496    446.781  0.039  0.039  0.038   +5
CORD            2116    313412.015   5154833.584    445.592  0.036  0.032  0.025  +32
CORD            2117    313408.460   5154838.229    445.623  0.039  0.036  0.039  +19
CORD            2119    313414.895   5154834.883    445.579  0.041  0.038  0.027  +17
CORD            2120    313409.658   5154833.236    445.602  0.035  0.032  0.029  +31
CORD            2122    313412.802   5154836.864    446.560  0.034  0.030  0.027  +20
CORD            2123    313414.104   5154831.901    445.599  0.042  0.038  0.028  +17
CORD            2125    313407.945   5154839.879    445.621  0.044  0.041  0.045  +10
CORD            2127    313406.188   5154838.722    445.640  0.043  0.042  0.048   +9
 
*   <___Camera._No_><____c___><___xH___><___yH___><___s_c__><__s_xH__><__s_yH__>
 
CAPA              N5   15.7637   -0.2281    0.1320    0.0077    0.0017    0.0029
 
*   <___Camera._No_><____ex__><____ey__><____ez__><__d_phi_><__d_ome_><__d_kap_>
 
ECCA              N5    0.0559    0.0008    0.1961
END
